Japan, Female population exposure by calendar year and age (Lexis squares, age in completed years (ACY))
Last modified: 08/08/2012
Year    Age        female
1947     12       860269.03
1947     13       849998.53
1947     14       853506.57
1947     15       849122.22
1947     16       831984.32
1947     17       813282.05
1947     18       800416.15
1947     19       785914.33
1947     20       774385.79
1947     21       763079.79
1947     22       733947.86
1947     23       702298.60
1947     24       681918.14
1947     25       658515.20
1947     26       649817.37
1947     27       613788.09
1947     28       562074.29
1947     29       553716.79
1947     30       557642.11
1947     31       556208.70
1947     32       553851.18
1947     33       547447.58
1947     34       535912.82
1947     35       531396.55
1947     36       519968.22
1947     37       505823.96
1947     38       491863.29
1947     39       472844.38
1947     40       437433.58
1947     41       409007.76
1947     42       403955.64
1947     43       404415.31
1947     44       409766.45
1947     45       405844.02
1947     46       392402.81
1947     47       370253.75
1947     48       354449.71
1947     49       342470.81
1947     50       326728.41
1947     51       318103.07
1947     52       307537.64
1947     53       291781.12
1947     54       281778.24
1947     55       269391.29
1948     12       881727.15
1948     13       858957.48
1948     14       848791.65
1948     15       851314.78
1948     16       846166.78
1948     17       828013.28
1948     18       807953.00
1948     19       794184.82
1948     20       779979.28
1948     21       769217.73
1948     22       756501.75
1948     23       726018.48
1948     24       694975.94
1948     25       674839.64
1948     26       651778.26
1948     27       644306.25
1948     28       609012.76
1948     29       557401.46
1948     30       549612.66
1948     31       554490.22
1948     32       553137.58
1948     33       550427.42
1948     34       544542.81
1948     35       534242.05
1948     36       528582.16
1948     37       514678.99
1948     38       500786.83
1948     39       487471.92
1948     40       468976.13
1948     41       433685.17
1948     42       405328.21
1948     43       400723.10
1948     44       400976.47
1948     45       406464.96
1948     46       402285.32
1948     47       387982.44
1948     48       364974.24
1948     49       349451.64
1948     50       338850.30
1948     51       323899.94
1948     52       314872.20
1948     53       303612.52
1948     54       287688.20
1948     55       278322.68
1949     12       879675.88
1949     13       880084.95
1949     14       857677.53
1949     15       847601.74
1949     16       849163.18
1949     17       843291.44
1949     18       824151.68
1949     19       802744.90
1949     20       788063.01
1949     21       774271.42
1949     22       764394.58
1949     23       750400.13
1949     24       718672.87
1949     25       688301.11
1949     26       668395.93
1949     27       645582.24
1949     28       639265.55
1949     29       604675.28
1949     30       553167.96
1949     31       545971.97
1949     32       551814.92
1949     33       550534.93
1949     34       547438.95
1949     35       542028.28
1949     36       532905.63
1949     37       526091.09
1949     38       509706.86
1949     39       496068.80
1949     40       483404.04
1949     41       465417.73
1949     42       430209.32
1949     43       401880.87
1949     44       397683.76
1949     45       397696.19
1949     46       403302.21
1949     47       398860.58
1949     48       383692.98
1949     49       359821.42
1949     50       344577.29
1949     51       335338.86
1949     52       321174.28
1949     53       311739.02
1949     54       299785.00
1949     55       283697.81
1950     12       846975.00
1950     13       879032.48
1950     14       878547.34
1950     15       856587.46
1950     16       846320.07
1950     17       847061.02
1950     18       840441.74
1950     19       820407.85
1950     20       797920.92
1950     21       782663.61
1950     22       769426.09
1950     23       760250.99
1950     24       745023.91
1950     25       712594.28
1950     26       682825.67
1950     27       662931.34
1950     28       640412.08
1950     29       635049.78
1950     30       600982.97
1950     31       549676.14
1950     32       542981.60
1950     33       549590.01
1950     34       548148.58
1950     35       544726.84
1950     36       539774.67
1950     37       531774.85
1950     38       523581.64
1950     39       505271.23
1950     40       492029.93
1950     41       479706.81
1950     42       462147.14
1950     43       426872.97
1950     44       398948.40
1950     45       394807.48
1950     46       394656.12
1950     47       400357.38
1950     48       395497.16
1950     49       379527.91
1950     50       354983.63
1950     51       340105.67
1950     52       331938.08
1950     53       318504.49
1950     54       308609.74
1950     55       296118.62
1951     12       812916.85
1951     13       846736.08
1951     14       877891.33
1951     15       877377.06
1951     16       855909.69
1951     17       844861.24
1951     18       845141.55
1951     19       837879.69
1951     20       817191.93
1951     21       794304.86
1951     22       779052.87
1951     23       766152.06
1951     24       756758.35
1951     25       740789.22
1951     26       708952.36
1951     27       679445.22
1951     28       659330.74
1951     29       637228.80
1951     30       632414.19
1951     31       598398.62
1951     32       547260.69
1951     33       540786.81
1951     34       547617.86
1951     35       545720.01
1951     36       542319.01
1951     37       537689.73
1951     38       530230.98
1951     39       520650.67
1951     40       502143.87
1951     41       489647.03
1951     42       476679.29
1951     43       459380.83
1951     44       424163.87
1951     45       396847.48
1951     46       392372.08
1951     47       392096.52
1951     48       397656.55
1951     49       392197.35
1951     50       376012.24
1951     51       351315.47
1951     52       336750.85
1951     53       328977.91
1951     54       315882.83
1951     55       305553.12
1952     12       850924.49
1952     13       812861.69
1952     14       845987.65
1952     15       877024.89
1952     16       876743.03
1952     17       855053.86
1952     18       843611.79
1952     19       843501.84
1952     20       835665.44
1952     21       814766.76
1952     22       792073.00
1952     23       776851.57
1952     24       763451.90
1952     25       753904.59
1952     26       738509.12
1952     27       707119.04
1952     28       677563.78
1952     29       657455.09
1952     30       635520.71
1952     31       630705.95
1952     32       596701.70
1952     33       545606.41
1952     34       538970.53
1952     35       545661.88
1952     36       543642.82
1952     37       540180.35
1952     38       535493.77
1952     39       528088.34
1952     40       518688.78
1952     41       500633.97
1952     42       487871.25
1952     43       474259.75
1952     44       456941.27
1952     45       422302.49
1952     46       395099.30
1952     47       390374.28
1952     48       389918.87
1952     49       395054.34
1952     50       389445.43
1952     51       373327.86
1952     52       348657.59
1952     53       333891.61
1952     54       326244.80
1952     55       313379.43
1953     12       932890.63
1953     13       851220.80
1953     14       812865.48
1953     15       845342.18
1953     16       876173.72
1953     17       876152.41
1953     18       854221.14
1953     19       842412.07
1953     20       842000.37
1953     21       833579.92
1953     22       812585.99
1953     23       790042.35
1953     24       774939.99
1953     25       761193.79
1953     26       751444.03
1953     27       736674.57
1953     28       705761.45
1953     29       676074.05
1953     30       655918.16
1953     31       634194.17
1953     32       629300.44
1953     33       595343.66
1953     34       544166.84
1953     35       537428.99
1953     36       543940.96
1953     37       541809.35
1953     38       538250.23
1953     39       533480.01
1953     40       526089.41
1953     41       516982.43
1953     42       499309.43
1953     43       486219.68
1953     44       471996.90
1953     45       454635.22
1953     46       420430.97
1953     47       393378.31
1953     48       388407.65
1953     49       387712.05
1953     50       392525.28
1953     51       386610.65
1953     52       370512.10
1953     53       345898.49
1953     54       330964.31
1953     55       323442.64
1954     12       967339.19
1954     13       933114.33
1954     14       851528.93
1954     15       812926.44
1954     16       844689.36
1954     17       875243.87
1954     18       875465.95
1954     19       853292.22
1954     20       841171.50
1954     21       840446.70
1954     22       831544.55
1954     23       810471.70
1954     24       788064.70
1954     25       773188.57
1954     26       759089.19
1954     27       749134.82
1954     28       735001.19
1954     29       704495.85
1954     30       674733.31
1954     31       654611.23
1954     32       632959.12
1954     33       628052.10
1954     34       594054.13
1954     35       542884.63
1954     36       535994.93
1954     37       542359.36
1954     38       540052.38
1954     39       536388.60
1954     40       531591.25
1954     41       524246.81
1954     42       515425.41
1954     43       498040.55
1954     44       484628.59
1954     45       469738.87
1954     46       452294.82
1954     47       418563.60
1954     48       391601.47
1954     49       386347.17
1954     50       385466.55
1954     51       389851.03
1954     52       383730.83
1954     53       367665.65
1954     54       343119.22
1954     55       327982.31
1955     12       960859.59
1955     13       967584.76
1955     14       932984.21
1955     15       851504.94
1955     16       812584.91
1955     17       843645.90
1955     18       873964.22
1955     19       874275.20
1955     20       851853.28
1955     21       839531.67
1955     22       838604.45
1955     23       829379.15
1955     24       808244.99
1955     25       786112.06
1955     26       771480.93
1955     27       756977.10
1955     28       747000.96
1955     29       733402.24
1955     30       703314.37
1955     31       673428.46
1955     32       653291.79
1955     33       631768.70
1955     34       626811.98
1955     35       592810.13
1955     36       541543.45
1955     37       534548.93
1955     38       540711.86
1955     39       538312.48
1955     40       534600.72
1955     41       529709.35
1955     42       522452.48
1955     43       513820.80
1955     44       496604.80
1955     45       482893.34
1955     46       467493.85
1955     47       449973.89
1955     48       416603.28
1955     49       389627.27
1955     50       384133.90
1955     51       383047.33
1955     52       387116.89
1955     53       380897.71
1955     54       364839.20
1955     55       340356.94
1956     12       938884.19
1956     13       959867.59
1956     14       966153.07
1956     15       931463.64
1956     16       850052.06
1956     17       810639.64
1956     18       841344.42
1956     19       871266.46
1956     20       871408.60
1956     21       848717.70
1956     22       836551.29
1956     23       835636.26
1956     24       826452.70
1956     25       805607.56
1956     26       783796.74
1956     27       769302.92
1956     28       754754.40
1956     29       744996.21
1956     30       731723.53
1956     31       701842.66
1956     32       671805.44
1956     33       651731.33
1956     34       630230.18
1956     35       625312.99
1956     36       591267.50
1956     37       539868.44
1956     38       532779.04
1956     39       538844.03
1956     40       536466.74
1956     41       532636.34
1956     42       527633.39
1956     43       520482.28
1956     44       511830.30
1956     45       494610.22
1956     46       480587.03
1956     47       465109.05
1956     48       447532.53
1956     49       414226.21
1956     50       387133.41
1956     51       381485.63
1956     52       380279.04
1956     53       384121.31
1956     54       378030.38
1956     55       362046.19
1957     12       852056.09
1957     13       937061.25
1957     14       957497.19
1957     15       963604.09
1957     16       928825.84
1957     17       847263.78
1957     18       807694.01
1957     19       837991.64
1957     20       867262.57
1957     21       867104.33
1957     22       844510.70
1957     23       832562.05
1957     24       831951.99
1957     25       823118.73
1957     26       802597.24
1957     27       781055.44
1957     28       766844.82
1957     29       752546.43
1957     30       742834.47
1957     31       729772.27
1957     32       700080.67
1957     33       669899.66
1957     34       649768.26
1957     35       628397.14
1957     36       623545.55
1957     37       589361.87
1957     38       537898.83
1957     39       530732.45
1957     40       536803.66
1957     41       534422.36
1957     42       530406.00
1957     43       525386.53
1957     44       518236.27
1957     45       509353.83
1957     46       491928.26
1957     47       478046.02
1957     48       462592.99
1957     49       444720.17
1957     50       411305.02
1957     51       384218.83
1957     52       378404.55
1957     53       377068.66
1957     54       381000.43
1957     55       375118.22
1958     12       806278.66
1958     13       850505.02
1958     14       935269.13
1958     15       955119.78
1958     16       960957.92
1958     17       926087.04
1958     18       844373.99
1958     19       804608.56
1958     20       834536.52
1958     21       863199.34
1958     22       862767.88
1958     23       840259.53
1958     24       828557.48
1958     25       828389.71
1958     26       819857.09
1958     27       799680.24
1958     28       778391.79
1958     29       764392.89
1958     30       750395.28
1958     31       740788.22
1958     32       727932.82
1958     33       698373.18
1958     34       668066.21
1958     35       647930.68
1958     36       626661.76
1958     37       621801.43
1958     38       587517.74
1958     39       535986.22
1958     40       528681.35
1958     41       534774.28
1958     42       532383.97
1958     43       528224.49
1958     44       523166.31
1958     45       515982.75
1958     46       506770.67
1958     47       489215.61
1958     48       475463.16
1958     49       459964.42
1958     50       441752.46
1958     51       408352.14
1958     52       381263.73
1958     53       375244.29
1958     54       373777.10
1958     55       377767.53
1959     12      1015410.56
1959     13       805140.25
1959     14       849007.94
1959     15       933491.34
1959     16       952706.69
1959     17       958278.08
1959     18       923290.56
1959     19       841404.70
1959     20       801484.75
1959     21       831133.40
1959     22       859166.94
1959     23       858524.26
1959     24       836099.02
1959     25       824758.06
1959     26       824987.93
1959     27       816730.94
1959     28       796917.91
1959     29       775786.97
1959     30       762082.94
1959     31       748409.29
1959     32       738843.80
1959     33       726190.88
1959     34       696738.01
1959     35       666329.74
1959     36       646148.76
1959     37       624991.70
1959     38       620151.63
1959     39       585805.10
1959     40       534075.59
1959     41       526678.74
1959     42       532809.23
1959     43       530419.08
1959     44       526060.29
1959     45       520933.58
1959     46       513714.22
1959     47       504226.50
1959     48       486501.12
1959     49       472797.61
1959     50       457283.99
1959     51       438780.90
1959     52       405367.25
1959     53       378244.62
1959     54       372042.67
1959     55       370420.52
1960     12      1192263.19
1960     13      1015279.65
1960     14       803823.44
1960     15       847392.81
1960     16       931465.39
1960     17       950206.02
1960     18       955589.48
1960     19       920576.03
1960     20       838719.66
1960     21       798798.71
1960     22       828226.92
1960     23       855740.75
1960     24       854915.95
1960     25       832491.14
1960     26       821532.47
1960     27       822058.83
1960     28       814031.92
1960     29       794462.72
1960     30       773565.20
1960     31       760114.65
1960     32       746598.91
1960     33       737043.45
1960     34       724509.05
1960     35       695110.15
1960     36       664690.92
1960     37       644430.56
1960     38       623375.31
1960     39       618394.14
1960     40       583939.32
1960     41       532145.67
1960     42       524750.21
1960     43       530848.58
1960     44       528419.42
1960     45       523826.74
1960     46       518652.68
1960     47       511335.01
1960     48       501512.64
1960     49       483542.71
1960     50       469989.84
1960     51       454369.20
1960     52       435603.68
1960     53       402298.22
1960     54       375111.85
1960     55       368727.60
1961     12      1180624.03
1961     13      1192153.22
1961     14      1014023.61
1961     15       801809.55
1961     16       845268.62
1961     17       928750.84
1961     18       947749.07
1961     19       953292.27
1961     20       918757.70
1961     21       837402.71
1961     22       797839.52
1961     23       827379.73
1961     24       854601.76
1961     25       853581.20
1961     26       830765.34
1961     27       820245.95
1961     28       820850.14
1961     29       812755.53
1961     30       793276.60
1961     31       772452.20
1961     32       759094.48
1961     33       745424.21
1961     34       735672.23
1961     35       722990.24
1961     36       693531.31
1961     37       663262.14
1961     38       643028.49
1961     39       621747.34
1961     40       616190.38
1961     41       581897.10
1961     42       530409.76
1961     43       523015.06
1961     44       528995.58
1961     45       526492.24
1961     46       521697.80
1961     47       516427.77
1961     48       508745.84
1961     49       498364.37
1961     50       480246.61
1961     51       466831.95
1961     52       450745.70
1961     53       432097.08
1961     54       399443.62
1961     55       372026.00
1962     12      1111097.46
1962     13      1180709.24
1962     14      1191184.06
1962     15      1012144.01
1962     16       799495.43
1962     17       842483.08
1962     18       926039.76
1962     19       945554.23
1962     20       951650.34
1962     21       917934.70
1962     22       837374.80
1962     23       798384.93
1962     24       828238.61
1962     25       855258.04
1962     26       853644.39
1962     27       830595.10
1962     28       820304.71
1962     29       820719.94
1962     30       812374.82
1962     31       792864.59
1962     32       772097.04
1962     33       758562.07
1962     34       744565.17
1962     35       734457.21
1962     36       721451.30
1962     37       692065.96
1962     38       662037.66
1962     39       641672.70
1962     40       619788.39
1962     41       613766.79
1962     42       579929.14
1962     43       528782.00
1962     44       521343.98
1962     45       527208.90
1962     46       524635.51
1962     47       519716.53
1962     48       514062.76
1962     49       505825.35
1962     50       494840.15
1962     51       476715.74
1962     52       463034.33
1962     53       446672.13
1962     54       428726.73
1962     55       396582.40
1963     12      1036503.89
1963     13      1111795.51
1963     14      1180850.13
1963     15      1190222.40
1963     16      1010275.83
1963     17       797142.97
1963     18       839674.20
1963     19       923311.34
1963     20       943419.40
1963     21       950011.92
1963     22       917190.19
1963     23       837382.06
1963     24       799015.67
1963     25       829124.47
1963     26       856035.65
1963     27       853810.74
1963     28       830511.36
1963     29       820379.30
1963     30       820643.05
1963     31       812080.95
1963     32       792503.76
1963     33       771825.55
1963     34       758082.66
1963     35       743768.14
1963     36       733319.35
1963     37       719918.38
1963     38       690589.94
1963     39       660783.68
1963     40       640377.91
1963     41       617797.44
1963     42       611327.36
1963     43       577944.51
1963     44       527153.73
1963     45       519644.06
1963     46       525348.72
1963     47       522757.79
1963     48       517581.58
1963     49       511611.73
1963     50       502749.03
1963     51       491223.41
1963     52       473102.38
1963     53       459160.55
1963     54       442524.54
1963     55       425297.38
1964     12       951315.99
1964     13      1037379.31
1964     14      1112532.57
1964     15      1180985.32
1964     16      1189208.61
1964     17      1008391.48
1964     18       794751.67
1964     19       836848.32
1964     20       920605.25
1964     21       941250.22
1964     22       948436.82
1964     23       916461.34
1964     24       837447.48
1964     25       799671.07
1964     26       830121.84
1964     27       856853.59
1964     28       854045.43
1964     29       830446.29
1964     30       820554.88
1964     31       820677.34
1964     32       811838.56
1964     33       792216.58
1964     34       771583.55
1964     35       757655.75
1964     36       743024.09
1964     37       732148.83
1964     38       718325.26
1964     39       689135.08
1964     40       659556.52
1964     41       639063.61
1964     42       615789.98
1964     43       608893.76
1964     44       575898.87
1964     45       525474.29
1964     46       517858.63
1964     47       523358.86
1964     48       520723.55
1964     49       515341.44
1964     50       509077.86
1964     51       499638.02
1964     52       487613.33
1964     53       469425.98
1964     54       455257.58
1964     55       438325.94
1965     12       896327.95
1965     13       952106.07
1965     14      1037921.00
1965     15      1112892.71
1965     16      1180643.27
1965     17      1188193.27
1965     18      1006749.97
1965     19       792637.50
1965     20       834306.64
1965     21       918269.94
1965     22       939498.84
1965     23       947126.49
1965     24       915861.65
1965     25       837567.98
1965     26       800257.11
1965     27       830935.96
1965     28       857470.48
1965     29       853995.51
1965     30       830426.04
1965     31       820635.83
1965     32       820564.85
1965     33       811456.32
1965     34       791779.30
1965     35       771166.98
1965     36       756802.10
1965     37       741768.05
1965     38       730616.74
1965     39       716727.30
1965     40       687676.08
1965     41       658288.07
1965     42       637733.68
1965     43       613819.63
1965     44       606588.02
1965     45       573931.28
1965     46       523784.84
1965     47       515936.23
1965     48       521274.99
1965     49       518525.86
1965     50       512778.82
1965     51       506075.46
1965     52       496216.37
1965     53       483945.47
1965     54       465825.94
1965     55       451354.78
1966     12       840303.75
1966     13       896435.72
1966     14       951636.69
1966     15      1037147.51
1966     16      1111838.67
1966     17      1178982.41
1966     18      1187377.79
1966     19      1006227.13
1966     20       791687.72
1966     21       832950.22
1966     22       917546.14
1966     23       939160.67
1966     24       946749.28
1966     25       915681.13
1966     26       837663.52
1966     27       800369.53
1966     28       830927.81
1966     29       857188.95
1966     30       853305.79
1966     31       830270.33
1966     32       820256.06
1966     33       819903.65
1966     34       810548.27
1966     35       790774.22
1966     36       769830.73
1966     37       754277.63
1966     38       738840.63
1966     39       728043.75
1966     40       715043.73
1966     41       686351.33
1966     42       656955.81
1966     43       636584.17
1966     44       612160.87
1966     45       605180.95
1966     46       572503.32
1966     47       522320.80
1966     48       514110.33
1966     49       519216.85
1966     50       516034.55
1966     51       508977.40
1966     52       501845.91
1966     53       492241.76
1966     54       480828.97
1966     55       463021.73
1967     12       819899.61
1967     13       840310.69
1967     14       895700.54
1967     15       950319.22
1967     16      1035408.03
1967     17      1109588.28
1967     18      1177263.51
1967     19      1187327.10
1967     20      1006576.17
1967     21       791531.42
1967     22       832809.17
1967     23       917945.27
1967     24       939608.79
1967     25       946775.14
1967     26       915588.32
1967     27       837503.50
1967     28       799851.39
1967     29       830227.16
1967     30       856186.44
1967     31       852585.22
1967     32       829790.00
1967     33       819447.60
1967     34       818862.26
1967     35       809236.33
1967     36       789253.87
1967     37       767271.15
1967     38       750401.18
1967     39       734822.33
1967     40       725328.79
1967     41       713456.36
1967     42       684898.39
1967     43       655739.50
1967     44       635480.52
1967     45       611233.89
1967     46       604221.35
1967     47       571289.21
1967     48       520884.90
1967     49       512331.25
1967     50       517117.23
1967     51       512638.79
1967     52       504132.27
1967     53       496908.14
1967     54       488610.96
1967     55       478309.78
1968     12       788329.07
1968     13       819853.88
1968     14       840318.49
1968     15       894973.30
1968     16       948932.65
1968     17      1033625.35
1968     18      1107328.18
1968     19      1175502.12
1968     20      1187215.61
1968     21      1006914.38
1968     22       791354.98
1968     23       832648.16
1968     24       918362.57
1968     25       940086.38
1968     26       946749.81
1968     27       915516.66
1968     28       837342.31
1968     29       799343.24
1968     30       829525.01
1968     31       855209.88
1968     32       851877.61
1968     33       829288.79
1968     34       818686.93
1968     35       817779.44
1968     36       807896.97
1968     37       787690.91
1968     38       764692.64
1968     39       746467.61
1968     40       730775.88
1968     41       722589.35
1968     42       711824.64
1968     43       683419.58
1968     44       654407.15
1968     45       634331.66
1968     46       610202.00
1968     47       603163.46
1968     48       569974.31
1968     49       519394.22
1968     50       510459.69
1968     51       514886.76
1968     52       509096.60
1968     53       499176.02
1968     54       491891.70
1968     55       484812.98
1969     12       758279.78
1969     13       787982.24
1969     14       819797.47
1969     15       840319.99
1969     16       894188.82
1969     17       947523.92
1969     18      1031846.04
1969     19      1104986.79
1969     20      1173650.65
1969     21      1187070.07
1969     22      1007187.65
1969     23       791118.81
1969     24       832494.89
1969     25       918759.27
1969     26       940533.55
1969     27       946745.73
1969     28       915433.24
1969     29       837191.36
1969     30       798848.02
1969     31       828827.07
1969     32       854247.22
1969     33       851148.90
1969     34       828776.29
1969     35       817852.12
1969     36       816679.33
1969     37       806533.64
1969     38       786061.14
1969     39       762043.65
1969     40       742481.20
1969     41       726711.60
1969     42       719806.73
1969     43       710093.07
1969     44       681797.08
1969     45       652987.08
1969     46       633042.39
1969     47       609069.03
1969     48       602013.50
1969     49       568544.35
1969     50       517774.29
1969     51       508449.35
1969     52       512460.12
1969     53       505459.45
1969     54       494077.08
1969     55       486727.74
1970     12       750151.79
1970     13       758303.15
1970     14       787765.47
1970     15       819683.95
1970     16       839958.10
1970     17       893182.87
1970     18       946199.55
1970     19      1030273.18
1970     20      1102904.51
1970     21      1172126.52
1970     22      1186837.94
1970     23      1007309.84
1970     24       790783.41
1970     25       832481.67
1970     26       919280.42
1970     27       941001.65
1970     28       946758.43
1970     29       915435.00
1970     30       837023.64
1970     31       798381.57
1970     32       828127.92
1970     33       853231.07
1970     34       850434.38
1970     35       828263.02
1970     36       817029.12
1970     37       815541.03
1970     38       805159.92
1970     39       784489.28
1970     40       759509.44
1970     41       738997.58
1970     42       723313.85
1970     43       717475.17
1970     44       708433.54
1970     45       680136.16
1970     46       651466.75
1970     47       631536.21
1970     48       607690.17
1970     49       600611.94
1970     50       566848.62
1970     51       515879.12
1970     52       506274.72
1970     53       509965.54
1970     54       501710.28
1970     55       489394.29
1971     12       777347.39
1971     13       750416.42
1971     14       758665.21
1971     15       787864.66
1971     16       819093.31
1971     17       838395.31
1971     18       891706.64
1971     19       945465.87
1971     20      1029890.42
1971     21      1102106.06
1971     22      1171701.11
1971     23      1186442.03
1971     24      1007018.93
1971     25       790276.02
1971     26       833074.76
1971     27       920180.55
1971     28       941516.12
1971     29       946937.24
1971     30       915732.95
1971     31       836900.62
1971     32       798054.77
1971     33       827449.95
1971     34       852299.19
1971     35       849972.61
1971     36       827985.25
1971     37       816321.95
1971     38       814472.71
1971     39       804047.64
1971     40       783403.28
1971     41       758029.81
1971     42       738018.26
1971     43       722708.30
1971     44       717021.10
1971     45       707204.31
1971     46       678624.47
1971     47       649707.47
1971     48       629428.63
1971     49       605929.70
1971     50       598834.08
1971     51       564863.26
1971     52       513568.57
1971     53       503947.34
1971     54       507392.17
1971     55       498597.91
1972     12       763086.17
1972     13       777601.75
1972     14       750869.40
1972     15       759358.77
1972     16       787820.65
1972     17       817555.52
1972     18       836331.64
1972     19       890525.05
1972     20       945473.65
1972     21      1030400.19
1972     22      1102339.51
1972     23      1171208.29
1972     24      1185739.73
1972     25      1006374.12
1972     26       790237.25
1972     27       834024.00
1972     28       921109.18
1972     29       942118.10
1972     30       947395.61
1972     31       916011.07
1972     32       836872.89
1972     33       797760.42
1972     34       826761.31
1972     35       851557.59
1972     36       849700.48
1972     37       827805.28
1972     38       815642.78
1972     39       813539.38
1972     40       803181.54
1972     41       782782.55
1972     42       758333.61
1972     43       739275.71
1972     44       723852.02
1972     45       716978.92
1972     46       706119.75
1972     47       676943.42
1972     48       647444.38
1972     49       627023.23
1972     50       603871.85
1972     51       596890.50
1972     52       562449.17
1972     53       511077.13
1972     54       501578.13
1972     55       504967.78
1973     12       765330.55
1973     13       773953.20
1973     14       788989.17
1973     15       761131.83
1973     16       768900.95
1973     17       796897.46
1973     18       825504.15
1973     19       843947.91
1973     20       897646.57
1973     21       952048.83
1973     22      1038067.10
1973     23      1110207.38
1973     24      1178844.22
1973     25      1192741.81
1973     26      1011786.01
1973     27       794947.00
1973     28       839999.58
1973     29       927548.72
1973     30       949159.49
1973     31       955210.78
1973     32       923376.56
1973     33       843383.76
1973     34       803651.03
1973     35       832659.78
1973     36       857748.08
1973     37       856305.03
1973     38       834373.96
1973     39       821596.02
1973     40       818966.84
1973     41       808421.02
1973     42       788071.50
1973     43       764370.80
1973     44       746139.44
1973     45       730107.73
1973     46       721624.61
1973     47       709637.58
1973     48       679661.86
1973     49       649420.32
1973     50       628895.21
1973     51       606277.51
1973     52       599336.09
1973     53       564169.93
1973     54       512436.31
1973     55       502887.32
1974     12       772481.19
1974     13       765181.72
1974     14       773884.68
1974     15       789215.19
1974     16       761529.00
1974     17       769536.69
1974     18       796791.09
1974     19       823891.08
1974     20       841796.67
1974     21       896398.86
1974     22       952030.12
1974     23      1038560.86
1974     24      1110401.55
1974     25      1178363.70
1974     26      1192064.34
1974     27      1011178.55
1974     28       794949.76
1974     29       840975.27
1974     30       928450.75
1974     31       949751.22
1974     32       955643.98
1974     33       923648.08
1974     34       843380.85
1974     35       803318.70
1974     36       831969.80
1974     37       856938.99
1974     38       855956.01
1974     39       834141.58
1974     40       820845.79
1974     41       817980.62
1974     42       807422.30
1974     43       787286.22
1974     44       764495.89
1974     45       747225.57
1974     46       731036.65
1974     47       721388.20
1974     48       708319.61
1974     49       677765.37
1974     50       646899.04
1974     51       626155.63
1974     52       603973.60
1974     53       597102.17
1974     54       561553.71
1974     55       509767.41
1975     12       790422.90
1975     13       772667.12
1975     14       765080.69
1975     15       773820.65
1975     16       789227.03
1975     17       761763.80
1975     18       769903.16
1975     19       796418.38
1975     20       822199.49
1975     21       839883.15
1975     22       895381.80
1975     23       952066.14
1975     24      1038928.17
1975     25      1110410.04
1975     26      1177821.95
1975     27      1191469.48
1975     28      1010600.83
1975     29       794950.90
1975     30       841734.74
1975     31       929231.36
1975     32       950244.94
1975     33       955975.52
1975     34       923776.84
1975     35       843151.54
1975     36       802842.06
1975     37       831144.90
1975     38       856068.09
1975     39       855502.65
1975     40       833709.04
1975     41       819943.04
1975     42       816832.94
1975     43       806300.86
1975     44       786327.95
1975     45       764436.23
1975     46       747917.95
1975     47       731526.64
1975     48       720857.88
1975     49       706669.35
1975     50       675647.14
1975     51       644213.96
1975     52       623358.92
1975     53       601584.29
1975     54       594698.23
1975     55       558831.01
1976     12       806067.76
1976     13       790574.26
1976     14       772924.88
1976     15       765142.63
1976     16       773656.29
1976     17       788586.43
1976     18       761230.77
1976     19       769237.92
1976     20       795238.93
1976     21       820581.34
1976     22       838917.46
1976     23       895114.00
1976     24       952192.71
1976     25      1038684.49
1976     26      1109833.90
1976     27      1177020.74
1976     28      1190991.12
1976     29      1009925.73
1976     30       794882.09
1976     31       841791.59
1976     32       929358.89
1976     33       950216.94
1976     34       955887.80
1976     35       923307.00
1976     36       842366.25
1976     37       801889.15
1976     38       830048.56
1976     39       855078.29
1976     40       854844.19
1976     41       832658.52
1976     42       818660.28
1976     43       815525.55
1976     44       804967.72
1976     45       785022.73
1976     46       763686.94
1976     47       747179.96
1976     48       730757.71
1976     49       719637.21
1976     50       704426.86
1976     51       673221.52
1976     52       641700.19
1976     53       620877.82
1976     54       599352.28
1976     55       592296.21
1977     12       827317.38
1977     13       806156.32
1977     14       790767.40
1977     15       773333.79
1977     16       765253.25
1977     17       773003.19
1977     18       787455.20
1977     19       759966.84
1977     20       767898.00
1977     21       793952.26
1977     22       819627.78
1977     23       838583.25
1977     24       895045.41
1977     25       951978.89
1977     26      1037977.46
1977     27      1108986.44
1977     28      1176282.49
1977     29      1190423.20
1977     30      1009391.12
1977     31       794337.10
1977     32       841342.70
1977     33       929054.86
1977     34       949894.42
1977     35       955345.36
1977     36       922339.13
1977     37       841207.07
1977     38       800754.10
1977     39       828905.31
1977     40       853989.86
1977     41       853712.60
1977     42       831318.27
1977     43       817270.33
1977     44       814059.40
1977     45       803372.53
1977     46       783361.94
1977     47       761846.33
1977     48       745352.92
1977     49       729421.16
1977     50       717857.63
1977     51       701797.71
1977     52       670791.94
1977     53       639435.52
1977     54       618671.31
1977     55       597101.26
1978     12       778956.67
1978     13       827398.54
1978     14       806255.45
1978     15       790966.46
1978     16       773717.01
1978     17       765316.01
1978     18       772319.01
1978     19       786289.37
1978     20       758692.56
1978     21       766552.77
1978     22       792664.12
1978     23       818699.42
1978     24       838266.16
1978     25       895018.21
1978     26       951749.62
1978     27      1037298.82
1978     28      1108114.95
1978     29      1175538.37
1978     30      1189808.70
1978     31      1008866.66
1978     32       793800.94
1978     33       840851.13
1978     34       928734.31
1978     35       949529.22
1978     36       954730.74
1978     37       921292.25
1978     38       840040.39
1978     39       799577.88
1978     40       827654.03
1978     41       852845.74
1978     42       852508.66
1978     43       829914.16
1978     44       815782.70
1978     45       812491.90
1978     46       801686.96
1978     47       781602.44
1978     48       759905.02
1978     49       743340.32
1978     50       727969.40
1978     51       715990.51
1978     52       698979.33
1978     53       668222.97
1978     54       637007.31
1978     55       616345.42
1979     12       848632.40
1979     13       779113.59
1979     14       827486.29
1979     15       806353.44
1979     16       791117.30
1979     17       774059.50
1979     18       765351.22
1979     19       771628.00
1979     20       785109.65
1979     21       757388.85
1979     22       765218.72
1979     23       791390.72
1979     24       817765.78
1979     25       837963.41
1979     26       894961.08
1979     27       951528.07
1979     28      1036627.13
1979     29      1107267.88
1979     30      1174800.69
1979     31      1189196.25
1979     32      1008330.71
1979     33       793249.44
1979     34       840346.05
1979     35       928359.76
1979     36       949162.53
1979     37       954106.11
1979     38       920224.35
1979     39       838792.69
1979     40       798376.98
1979     41       826358.90
1979     42       851635.11
1979     43       851237.36
1979     44       828423.52
1979     45       814223.70
1979     46       810837.03
1979     47       799914.54
1979     48       779700.74
1979     49       757873.69
1979     50       741246.37
1979     51       726508.78
1979     52       713996.69
1979     53       696152.61
1979     54       665580.32
1979     55       634506.90
1980     12       880633.39
1980     13       849013.75
1980     14       779362.29
1980     15       827657.88
1980     16       806359.48
1980     17       791122.22
1980     18       774165.88
1980     19       765136.50
1980     20       770783.78
1980     21       783955.38
1980     22       756184.37
1980     23       764066.40
1980     24       790286.61
1980     25       817047.61
1980     26       837719.31
1980     27       894899.03
1980     28       951267.52
1980     29      1036023.05
1980     30      1106507.53
1980     31      1174122.10
1980     32      1188626.29
1980     33      1007789.04
1980     34       792702.57
1980     35       839847.03
1980     36       927944.77
1980     37       948697.15
1980     38       953362.72
1980     39       919083.93
1980     40       837538.86
1980     41       797145.76
1980     42       825033.69
1980     43       850411.86
1980     44       849853.02
1980     45       826893.41
1980     46       812570.37
1980     47       809030.78
1980     48       797987.99
1980     49       777706.64
1980     50       755701.45
1980     51       739067.07
1980     52       724832.53
1980     53       711728.92
1980     54       693334.00
1980     55       662941.84
1981     12       916794.41
1981     13       881021.03
1981     14       849676.35
1981     15       779906.23
1981     16       828005.81
1981     17       806082.57
1981     18       790594.81
1981     19       773357.71
1981     20       764025.16
1981     21       769589.72
1981     22       782989.25
1981     23       755407.76
1981     24       763543.57
1981     25       789854.42
1981     26       816966.17
1981     27       837691.18
1981     28       894786.53
1981     29       950887.40
1981     30      1035579.15
1981     31      1106033.95
1981     32      1173665.62
1981     33      1188137.83
1981     34      1007295.18
1981     35       792223.50
1981     36       839445.28
1981     37       927309.60
1981     38       947863.50
1981     39       952384.04
1981     40       917928.96
1981     41       836429.68
1981     42       796028.61
1981     43       823779.25
1981     44       849162.27
1981     45       848381.28
1981     46       825436.43
1981     47       810828.32
1981     48       807080.83
1981     49       796029.80
1981     50       775673.84
1981     51       753376.59
1981     52       736899.32
1981     53       722936.74
1981     54       709033.94
1981     55       690838.69
1982     12       923583.78
1982     13       917175.50
1982     14       881590.22
1982     15       850548.56
1982     16       780667.48
1982     17       828193.40
1982     18       805502.63
1982     19       789443.29
1982     20       771844.29
1982     21       762536.69
1982     22       768478.71
1982     23       782264.01
1982     24       755057.52
1982     25       763472.98
1982     26       789960.56
1982     27       817079.44
1982     28       837649.21
1982     29       894546.72
1982     30       950607.13
1982     31      1035339.97
1982     32      1105692.21
1982     33      1173285.49
1982     34      1187644.65
1982     35      1006793.73
1982     36       791865.61
1982     37       838908.33
1982     38       926381.88
1982     39       946783.88
1982     40       951347.41
1982     41       916851.91
1982     42       835367.78
1982     43       794921.33
1982     44       822504.46
1982     45       847733.33
1982     46       846961.43
1982     47       823885.04
1982     48       808893.77
1982     49       805077.39
1982     50       794007.06
1982     51       773434.19
1982     52       751129.67
1982     53       734704.74
1982     54       720511.69
1982     55       706571.97
1983     12       946980.95
1983     13       923927.86
1983     14       917564.11
1983     15       882148.11
1983     16       851375.59
1983     17       781392.63
1983     18       828355.77
1983     19       804911.08
1983     20       788292.78
1983     21       770288.81
1983     22       761041.62
1983     23       767353.31
1983     24       781521.94
1983     25       754698.80
1983     26       763382.04
1983     27       790043.28
1983     28       817191.38
1983     29       837609.57
1983     30       894296.68
1983     31       950290.06
1983     32      1035084.39
1983     33      1105378.66
1983     34      1172813.34
1983     35      1187084.55
1983     36      1006244.83
1983     37       791482.54
1983     38       838333.86
1983     39       925398.47
1983     40       945692.91
1983     41       950243.42
1983     42       915707.32
1983     43       834271.20
1983     44       793721.83
1983     45       821140.79
1983     46       846254.70
1983     47       845440.88
1983     48       822164.92
1983     49       806896.02
1983     50       802959.24
1983     51       791853.27
1983     52       771064.82
1983     53       748802.20
1983     54       732413.93
1983     55       717896.56
1984     12       974778.95
1984     13       947294.60
1984     14       924277.93
1984     15       917923.22
1984     16       882674.03
1984     17       852161.45
1984     18       782111.91
1984     19       828504.76
1984     20       804315.42
1984     21       787117.95
1984     22       768744.68
1984     23       759542.98
1984     24       766211.68
1984     25       780757.44
1984     26       754310.16
1984     27       763285.36
1984     28       790121.83
1984     29       817285.35
1984     30       837545.51
1984     31       894025.45
1984     32       949975.78
1984     33      1034817.60
1984     34      1104999.27
1984     35      1172296.05
1984     36      1186519.90
1984     37      1005654.08
1984     38       791046.79
1984     39       837722.20
1984     40       924351.70
1984     41       944456.57
1984     42       949026.37
1984     43       914502.88
1984     44       833063.40
1984     45       792440.81
1984     46       819687.92
1984     47       844662.19
1984     48       843742.93
1984     49       820363.93
1984     50       804780.88
1984     51       800743.70
1984     52       789564.41
1984     53       768623.40
1984     54       746386.18
1984     55       729951.04
1985     12       996844.98
1985     13       975074.84
1985     14       947528.83
1985     15       924425.19
1985     16       917941.27
1985     17       882798.95
1985     18       852416.18
1985     19       782293.62
1985     20       828103.83
1985     21       803374.53
1985     22       785794.30
1985     23       767152.37
1985     24       758057.18
1985     25       765070.67
1985     26       780005.08
1985     27       753909.72
1985     28       763111.07
1985     29       790135.43
1985     30       817248.46
1985     31       837411.19
1985     32       893714.29
1985     33       949613.42
1985     34      1034470.82
1985     35      1104483.61
1985     36      1171762.46
1985     37      1185815.53
1985     38      1005022.27
1985     39       790583.88
1985     40       836965.38
1985     41       923175.55
1985     42       943159.39
1985     43       947723.29
1985     44       913120.10
1985     45       831701.71
1985     46       791000.16
1985     47       818154.87
1985     48       842966.34
1985     49       842017.15
1985     50       818385.02
1985     51       802591.32
1985     52       798421.65
1985     53       787271.54
1985     54       766128.91
1985     55       743899.10
1986     12       985448.31
1986     13       996795.87
1986     14       975072.51
1986     15       947378.66
1986     16       923746.89
1986     17       916565.94
1986     18       881311.94
1986     19       850460.71
1986     20       780369.13
1986     21       825722.13
1986     22       801220.74
1986     23       783897.79
1986     24       765416.84
1986     25       756569.86
1986     26       763942.00
1986     27       779206.47
1986     28       753349.99
1986     29       762708.91
1986     30       789866.92
1986     31       816825.47
1986     32       837046.73
1986     33       893262.08
1986     34       949206.83
1986     35      1033814.88
1986     36      1103703.43
1986     37      1170936.45
1986     38      1184907.82
1986     39      1004182.74
1986     40       789899.47
1986     41       835856.34
1986     42       921759.52
1986     43       941687.13
1986     44       946268.80
1986     45       911412.78
1986     46       829992.78
1986     47       789312.36
1986     48       816559.22
1986     49       841269.89
1986     50       840148.57
1986     51       816053.28
1986     52       800406.18
1986     53       796361.80
1986     54       785156.81
1986     55       763689.15
1987     12       949912.48
1987     13       985198.04
1987     14       996531.07
1987     15       974859.43
1987     16       946732.23
1987     17       922116.61
1987     18       914096.28
1987     19       878279.54
1987     20       846879.88
1987     21       776844.13
1987     22       822320.48
1987     23       798601.00
1987     24       781851.87
1987     25       763675.38
1987     26       755091.72
1987     27       762789.37
1987     28       778329.52
1987     29       752626.37
1987     30       762164.09
1987     31       789313.97
1987     32       816228.51
1987     33       836574.95
1987     34       892809.16
1987     35       948615.50
1987     36      1032938.41
1987     37      1102753.24
1987     38      1169959.23
1987     39      1183792.11
1987     40      1003186.43
1987     41       788954.36
1987     42       834539.56
1987     43       920179.40
1987     44       940151.74
1987     45       944574.14
1987     46       909422.48
1987     47       827978.67
1987     48       787502.93
1987     49       814927.11
1987     50       839537.03
1987     51       837964.22
1987     52       813716.07
1987     53       798397.03
1987     54       794418.60
1987     55       783025.94
1988     12       901112.00
1988     13       949831.42
1988     14       984940.21
1988     15       996254.22
1988     16       974617.33
1988     17       946069.09
1988     18       920461.30
1988     19       911542.10
1988     20       875246.46
1988     21       843308.21
1988     22       773345.32
1988     23       818947.66
1988     24       795957.59
1988     25       779796.47
1988     26       761944.49
1988     27       753620.29
1988     28       761637.44
1988     29       777430.27
1988     30       751918.99
1988     31       761625.08
1988     32       788756.71
1988     33       815619.37
1988     34       836071.57
1988     35       892328.92
1988     36       947992.21
1988     37      1032006.61
1988     38      1101773.58
1988     39      1168890.30
1988     40      1182602.56
1988     41      1002174.41
1988     42       787974.27
1988     43       833149.95
1988     44       918528.31
1988     45       938563.90
1988     46       942817.69
1988     47       907308.39
1988     48       825872.76
1988     49       785638.86
1988     50       813199.89
1988     51       837743.08
1988     52       835649.91
1988     53       811291.94
1988     54       796232.30
1988     55       792311.63
1989     12       858258.61
1989     13       901207.04
1989     14       949740.89
1989     15       984672.95
1989     16       995931.67
1989     17       974342.86
1989     18       945368.32
1989     19       918734.95
1989     20       908997.24
1989     21       872207.30
1989     22       839753.22
1989     23       769851.43
1989     24       815556.71
1989     25       793325.14
1989     26       777753.61
1989     27       760215.75
1989     28       752138.42
1989     29       760463.74
1989     30       776543.62
1989     31       751204.77
1989     32       761078.65
1989     33       788173.97
1989     34       814987.97
1989     35       835537.49
1989     36       891829.38
1989     37       947269.52
1989     38      1031030.65
1989     39      1100695.76
1989     40      1167746.83
1989     41      1181330.82
1989     42      1001068.67
1989     43       786917.88
1989     44       831685.39
1989     45       916829.10
1989     46       936916.09
1989     47       940944.27
1989     48       905136.17
1989     49       823672.74
1989     50       783638.52
1989     51       811342.39
1989     52       835826.34
1989     53       833248.19
1989     54       808700.04
1989     55       793920.46
1990     12       832562.57
1990     13       858421.04
1990     14       901317.05
1990     15       949562.61
1990     16       984111.69
1990     17       995286.21
1990     18       973623.03
1990     19       944218.61
1990     20       916750.00
1990     21       906517.74
1990     22       869328.84
1990     23       836512.67
1990     24       766668.95
1990     25       812580.72
1990     26       791035.53
1990     27       775979.55
1990     28       758726.83
1990     29       750860.29
1990     30       759488.00
1990     31       775778.99
1990     32       750572.18
1990     33       760594.06
1990     34       787668.11
1990     35       814398.55
1990     36       835023.78
1990     37       891297.22
1990     38       946589.16
1990     39      1030055.50
1990     40      1099659.04
1990     41      1166618.87
1990     42      1180006.75
1990     43       999903.31
1990     44       785829.99
1990     45       830219.69
1990     46       915137.92
1990     47       935249.31
1990     48       939007.24
1990     49       902932.58
1990     50       821453.84
1990     51       781668.36
1990     52       809473.26
1990     53       833850.03
1990     54       830781.38
1990     55       806153.84
1991     12       802045.65
1991     13       832525.17
1991     14       858623.00
1991     15       901422.12
1991     16       948867.94
1991     17       982487.49
1991     18       993299.30
1991     19       971221.77
1991     20       941577.44
1991     21       914111.89
1991     22       904360.30
1991     23       867238.03
1991     24       834572.06
1991     25       764902.15
1991     26       811131.34
1991     27       790019.51
1991     28       775207.43
1991     29       758133.93
1991     30       750392.27
1991     31       759213.81
1991     32       775500.87
1991     33       750261.23
1991     34       760452.19
1991     35       787428.85
1991     36       814073.99
1991     37       834719.72
1991     38       890881.10
1991     39       946022.77
1991     40      1029363.82
1991     41      1098922.38
1991     42      1165715.21
1991     43      1178702.76
1991     44       998749.99
1991     45       784765.81
1991     46       828767.99
1991     47       913601.97
1991     48       933675.32
1991     49       937133.68
1991     50       901074.74
1991     51       819726.65
1991     52       779995.99
1991     53       807618.50
1991     54       831783.99
1991     55       828378.02
1992     12       779826.61
1992     13       801916.51
1992     14       832500.15
1992     15       858881.49
1992     16       901253.87
1992     17       947421.91
1992     18       979966.86
1992     19       990019.32
1992     20       967583.09
1992     21       938217.19
1992     22       911628.45
1992     23       902699.71
1992     24       866045.24
1992     25       833670.11
1992     26       764294.31
1992     27       810655.54
1992     28       789725.54
1992     29       775072.82
1992     30       758101.78
1992     31       750468.24
1992     32       759298.80
1992     33       775461.10
1992     34       750175.53
1992     35       760529.72
1992     36       787352.56
1992     37       813911.30
1992     38       834434.01
1992     39       890519.33
1992     40       945609.74
1992     41      1028834.03
1992     42      1098326.16
1992     43      1164756.60
1992     44      1177375.63
1992     45       997614.20
1992     46       783645.36
1992     47       827399.26
1992     48       912112.32
1992     49       932054.41
1992     50       935526.17
1992     51       899543.16
1992     52       818214.60
1992     53       778373.96
1992     54       805638.79
1992     55       829657.24
1993     12       750281.74
1993     13       779802.30
1993     14       801771.91
1993     15       832454.15
1993     16       859112.80
1993     17       901076.24
1993     18       945968.41
1993     19       977390.00
1993     20       986737.90
1993     21       963932.01
1993     22       934865.51
1993     23       909161.98
1993     24       901038.47
1993     25       864861.02
1993     26       832768.45
1993     27       763683.05
1993     28       810199.97
1993     29       789420.74
1993     30       774916.40
1993     31       758086.11
1993     32       750538.64
1993     33       759384.51
1993     34       775355.71
1993     35       750095.51
1993     36       760532.95
1993     37       787270.65
1993     38       813693.46
1993     39       834116.47
1993     40       890116.07
1993     41       945114.95
1993     42      1028214.73
1993     43      1097601.42
1993     44      1163691.32
1993     45      1175911.22
1993     46       996321.45
1993     47       782442.70
1993     48       825882.43
1993     49       910480.58
1993     50       930335.25
1993     51       933781.21
1993     52       897856.47
1993     53       816627.97
1993     54       776639.99
1993     55       803591.98
1994     12       733079.23
1994     13       750272.62
1994     14       779779.51
1994     15       801627.81
1994     16       832399.13
1994     17       859333.59
1994     18       900882.95
1994     19       944479.23
1994     20       974821.61
1994     21       983451.89
1994     22       960283.35
1994     23       931526.22
1994     24       906681.49
1994     25       899389.49
1994     26       863686.44
1994     27       831859.09
1994     28       763072.70
1994     29       809729.06
1994     30       789121.83
1994     31       774733.88
1994     32       758065.61
1994     33       750583.27
1994     34       759418.12
1994     35       775233.80
1994     36       749998.13
1994     37       760527.83
1994     38       787153.64
1994     39       813432.83
1994     40       833753.90
1994     41       889690.24
1994     42       944548.59
1994     43      1027503.00
1994     44      1096775.53
1994     45      1162511.92
1994     46      1174339.01
1994     47       994963.59
1994     48       781136.86
1994     49       824309.45
1994     50       908723.01
1994     51       928523.27
1994     52       931931.61
1994     53       896079.80
1994     54       814907.84
1994     55       774829.22
1995     12       732983.41
1995     13       733072.83
1995     14       750257.99
1995     15       779742.16
1995     16       801448.79
1995     17       832301.52
1995     18       859518.02
1995     19       900653.79
1995     20       942985.95
1995     21       972221.08
1995     22       980148.81
1995     23       956627.67
1995     24       928175.04
1995     25       904200.17
1995     26       897736.87
1995     27       862466.96
1995     28       830933.62
1995     29       762416.91
1995     30       809257.09
1995     31       788765.24
1995     32       774531.59
1995     33       758015.72
1995     34       750584.90
1995     35       759424.24
1995     36       775094.30
1995     37       749882.01
1995     38       760452.49
1995     39       786984.55
1995     40       813123.85
1995     41       833390.67
1995     42       889121.44
1995     43       943914.12
1995     44      1026713.32
1995     45      1095837.94
1995     46      1161163.57
1995     47      1172644.67
1995     48       993454.37
1995     49       779718.53
1995     50       822577.80
1995     51       906836.45
1995     52       926468.77
1995     53       929859.16
1995     54       894106.46
1995     55       813054.06
1996     12       722555.92
1996     13       733556.94
1996     14       733544.59
1996     15       750919.96
1996     16       779027.89
1996     17       801647.04
1996     18       832865.17
1996     19       858471.31
1996     20       900023.22
1996     21       941698.79
1996     22       970822.65
1996     23       977772.15
1996     24       954161.64
1996     25       926436.24
1996     26       902983.02
1996     27       897055.16
1996     28       861939.31
1996     29       830856.60
1996     30       762475.72
1996     31       809321.30
1996     32       788693.98
1996     33       774717.61
1996     34       758034.48
1996     35       750596.73
1996     36       759465.41
1996     37       775101.19
1996     38       750218.37
1996     39       760653.24
1996     40       787226.43
1996     41       812927.44
1996     42       833279.69
1996     43       888822.09
1996     44       943671.44
1996     45      1026203.26
1996     46      1094897.54
1996     47      1159715.56
1996     48      1171241.86
1996     49       992418.43
1996     50       778315.01
1996     51       820946.63
1996     52       905057.50
1996     53       924518.94
1996     54       927936.86
1996     55       892025.94
1997     12       704508.60
1997     13       723493.96
1997     14       734068.45
1997     15       734703.32
1997     16       749277.10
1997     17       779499.96
1997     18       802678.13
1997     19       830677.56
1997     20       857726.42
1997     21       898853.34
1997     22       941383.19
1997     23       969518.85
1997     24       976254.63
1997     25       953671.79
1997     26       926298.14
1997     27       903623.52
1997     28       897558.06
1997     29       862720.91
1997     30       831993.01
1997     31       762489.09
1997     32       809403.91
1997     33       789028.75
1997     34       774902.81
1997     35       758024.37
1997     36       750796.25
1997     37       759693.04
1997     38       775456.26
1997     39       750446.04
1997     40       760994.76
1997     41       786801.74
1997     42       813072.09
1997     43       833267.44
1997     44       888913.10
1997     45       943111.58
1997     46      1025314.06
1997     47      1093413.03
1997     48      1158187.57
1997     49      1169982.05
1997     50       990810.30
1997     51       777018.78
1997     52       819206.31
1997     53       903200.71
1997     54       922514.91
1997     55       925399.12
1998     12       677456.37
1998     13       704885.27
1998     14       723493.96
1998     15       735071.60
1998     16       732710.61
1998     17       749776.01
1998     18       780378.11
1998     19       800558.94
1998     20       829551.87
1998     21       855486.94
1998     22       898357.17
1998     23       940512.94
1998     24       968021.40
1998     25       976257.63
1998     26       954172.04
1998     27       927794.25
1998     28       904492.38
1998     29       898566.12
1998     30       863310.43
1998     31       832132.84
1998     32       762489.09
1998     33       809907.23
1998     34       789530.31
1998     35       774773.18
1998     36       758534.18
1998     37       751175.29
1998     38       759562.70
1998     39       775588.09
1998     40       750446.04
1998     41       760638.27
1998     42       786670.82
1998     43       813072.09
1998     44       833136.16
1998     45       887913.26
1998     46       942114.04
1998     47      1023943.00
1998     48      1091554.50
1998     49      1156709.27
1998     50      1167955.06
1998     51       989130.13
1998     52       775028.95
1998     53       817310.80
1998     54       900689.39
1998     55       919651.57
1999     12       659343.94
1999     13       677486.53
1999     14       704649.54
1999     15       724365.58
1999     16       733004.49
1999     17       733040.40
1999     18       749819.55
1999     19       777685.71
1999     20       798502.31
1999     21       825048.47
1999     22       853135.27
1999     23       895419.75
1999     24       935943.40
1999     25       965648.65
1999     26       975145.43
1999     27       954372.56
1999     28       927277.21
1999     29       904304.73
1999     30       897505.82
1999     31       863346.97
1999     32       831902.13
1999     33       762271.51
1999     34       810290.07
1999     35       788859.18
1999     36       775173.46
1999     37       758469.03
1999     38       750723.19
1999     39       760178.63
1999     40       775490.01
1999     41       750508.64
1999     42       760040.95
1999     43       786656.94
1999     44       812252.84
1999     45       831957.54
1999     46       886541.09
1999     47       940780.38
1999     48      1022056.87
1999     49      1089219.58
1999     50      1154565.96
1999     51      1165043.35
1999     52       986728.12
1999     53       772879.68
1999     54       814771.06
1999     55       898467.81
2000     12       635600.23
2000     13       659379.82
2000     14       676510.90
2000     15       704998.81
2000     16       722126.32
2000     17       732630.02
2000     18       731892.27
2000     19       746801.05
2000     20       774102.78
2000     21       789960.89
2000     22       817491.41
2000     23       843358.88
2000     24       882162.94
2000     25       926866.42
2000     26       960070.44
2000     27       971787.28
2000     28       951379.03
2000     29       923976.72
2000     30       902187.88
2000     31       896632.34
2000     32       862789.96
2000     33       829791.50
2000     34       762667.09
2000     35       809487.25
2000     36       789308.05
2000     37       775360.98
2000     38       758505.06
2000     39       751697.08
2000     40       759953.94
2000     41       775837.63
2000     42       749897.77
2000     43       760069.88
2000     44       785131.62
2000     45       810697.00
2000     46       829718.30
2000     47       884342.15
2000     48       937996.63
2000     49      1017480.65
2000     50      1086951.96
2000     51      1149439.18
2000     52      1161837.00
2000     53       982741.03
2000     54       770508.64
2000     55       813749.45
2001     12       621682.13
2001     13       635473.73
2001     14       658668.10
2001     15       676448.12
2001     16       702952.50
2001     17       720983.61
2001     18       732561.39
2001     19       729672.13
2001     20       744104.30
2001     21       768087.23
2001     22       785280.98
2001     23       811052.75
2001     24       834402.51
2001     25       876434.66
2001     26       923644.02
2001     27       958747.86
2001     28       971211.89
2001     29       950299.09
2001     30       924054.57
2001     31       903049.96
2001     32       897527.52
2001     33       862713.39
2001     34       831528.46
2001     35       763352.98
2001     36       810902.11
2001     37       790644.45
2001     38       776468.98
2001     39       759855.57
2001     40       752163.32
2001     41       760634.57
2001     42       776007.67
2001     43       750312.40
2001     44       759299.08
2001     45       784437.66
2001     46       809559.77
2001     47       828249.55
2001     48       882782.23
2001     49       935089.86
2001     50      1016276.07
2001     51      1083573.43
2001     52      1147223.43
2001     53      1159072.58
2001     54       980950.57
2001     55       769920.38
2002     12       604439.75
2002     13       621920.79
2002     14       635877.88
2002     15       658628.88
2002     16       674959.49
2002     17       701260.10
2002     18       722498.13
2002     19       730677.59
2002     20       727486.79
2002     21       741426.16
2002     22       768212.44
2002     23       785345.69
2002     24       810539.63
2002     25       834230.68
2002     26       876474.69
2002     27       924684.77
2002     28       959870.76
2002     29       972863.71
2002     30       951676.95
2002     31       925912.12
2002     32       905244.28
2002     33       899701.78
2002     34       864820.34
2002     35       833413.61
2002     36       764834.96
2002     37       812534.23
2002     38       792263.09
2002     39       778054.06
2002     40       760923.70
2002     41       753067.51
2002     42       761327.42
2002     43       776753.22
2002     44       750350.06
2002     45       759411.38
2002     46       784453.41
2002     47       808842.22
2002     48       827790.89
2002     49       881564.18
2002     50       934051.66
2002     51      1014632.28
2002     52      1081661.66
2002     53      1145017.83
2002     54      1156275.26
2002     55       978605.52
2003     12       589437.39
2003     13       604691.80
2003     14       622300.73
2003     15       635877.88
2003     16       657000.23
2003     17       673708.16
2003     18       702013.45
2003     19       719876.09
2003     20       726919.25
2003     21       723501.38
2003     22       740429.11
2003     23       767083.85
2003     24       784348.44
2003     25       809540.08
2003     26       833363.99
2003     27       876607.32
2003     28       924186.43
2003     29       960373.01
2003     30       973366.93
2003     31       952425.45
2003     32       927652.90
2003     33       906353.21
2003     34       900954.78
2003     35       866032.33
2003     36       834311.96
2003     37       765698.02
2003     38       813775.16
2003     39       792983.84
2003     40       778925.08
2003     41       761794.80
2003     42       753425.71
2003     43       761681.18
2003     44       776753.22
2003     45       750350.06
2003     46       758897.47
2003     47       783587.29
2003     48       807972.35
2003     49       826447.74
2003     50       880214.31
2003     51       932224.68
2003     52      1012248.14
2003     53      1078454.82
2003     54      1141842.32
2003     55      1152873.95
2004     12       585672.78
2004     13       588801.69
2004     14       604523.63
2004     15       621781.08
2004     16       634427.85
2004     17       656472.70
2004     18       673695.87
2004     19       699270.30
2004     20       715087.35
2004     21       721382.29
2004     22       720246.27
2004     23       736235.79
2004     24       763267.59
2004     25       780403.32
2004     26       806828.43
2004     27       832323.46
2004     28       875232.74
2004     29       923676.08
2004     30       959891.80
2004     31       972362.17
2004     32       952290.68
2004     33       926566.30
2004     34       905933.47
2004     35       900231.62
2004     36       865509.00
2004     37       834068.80
2004     38       764997.12
2004     39       813472.36
2004     40       792841.60
2004     41       778976.66
2004     42       761045.97
2004     43       752754.01
2004     44       761201.11
2004     45       776204.29
2004     46       749429.19
2004     47       758007.54
2004     48       782826.01
2004     49       806644.04
2004     50       825199.67
2004     51       878523.43
2004     52       930138.45
2004     53      1009788.09
2004     54      1076047.09
2004     55      1139133.65
2005     12       581671.25
2005     13       584889.80
2005     14       588271.00
2005     15       602596.00
2005     16       622346.98
2005     17       634032.89
2005     18       656698.44
2005     19       672243.01
2005     20       694329.64
2005     21       705637.94
2005     22       711765.86
2005     23       708635.36
2005     24       724615.23
2005     25       750927.22
2005     26       771544.74
2005     27       801501.20
2005     28       828789.93
2005     29       871965.93
2005     30       920507.52
2005     31       956247.87
2005     32       969060.72
2005     33       948357.85
2005     34       923658.65
2005     35       901773.71
2005     36       896871.53
2005     37       863218.60
2005     38       829803.08
2005     39       764021.09
2005     40       811654.03
2005     41       791893.83
2005     42       776205.57
2005     43       758629.00
2005     44       751036.13
2005     45       759166.63
2005     46       774102.55
2005     47       747542.41
2005     48       756549.18
2005     49       780834.67
2005     50       804838.04
2005     51       823441.43
2005     52       876477.03
2005     53       928074.33
2005     54      1008112.73
2005     55      1074573.01
2006     12       578703.72
2006     13       581877.25
2006     14       584940.24
2006     15       587371.09
2006     16       604077.58
2006     17       622710.37
2006     18       635211.43
2006     19       656651.46
2006     20       669940.90
2006     21       688631.75
2006     22       700134.09
2006     23       705071.86
2006     24       701519.42
2006     25       716987.11
2006     26       745504.56
2006     27       768652.09
2006     28       799940.06
2006     29       827031.25
2006     30       870325.33
2006     31       918563.68
2006     32       954485.41
2006     33       967111.19
2006     34       946601.27
2006     35       920840.42
2006     36       899874.02
2006     37       895464.43
2006     38       860777.17
2006     39       829636.65
2006     40       762997.65
2006     41       811635.59
2006     42       790250.91
2006     43       775111.72
2006     44       757648.14
2006     45       749762.45
2006     46       758085.75
2006     47       773212.06
2006     48       746718.15
2006     49       755746.44
2006     50       779776.95
2006     51       804238.85
2006     52       822397.30
2006     53       875149.32
2006     54       927649.16
2006     55      1007550.77
2007     12       586979.42
2007     13       579213.63
2007     14       582235.79
2007     15       585403.10
2007     16       587744.55
2007     17       604560.08
2007     18       624091.41
2007     19       634386.65
2007     20       655179.73
2007     21       669225.60
2007     22       690441.72
2007     23       702390.21
2007     24       705978.17
2007     25       702318.64
2007     26       717356.43
2007     27       746478.82
2007     28       768870.93
2007     29       800067.43
2007     30       827085.89
2007     31       869808.77
2007     32       918639.42
2007     33       954546.34
2007     34       966424.08
2007     35       945830.88
2007     36       920665.16
2007     37       899315.34
2007     38       894945.99
2007     39       860706.77
2007     40       828864.85
2007     41       762966.41
2007     42       810989.36
2007     43       790188.19
2007     44       774316.95
2007     45       757239.31
2007     46       749457.79
2007     47       757874.86
2007     48       772293.88
2007     49       746408.43
2007     50       754595.57
2007     51       778833.21
2007     52       803127.63
2007     53       820962.07
2007     54       873994.38
2007     55       925918.45
2008     12       573857.95
2008     13       587030.71
2008     14       578914.41
2008     15       581986.02
2008     16       585040.22
2008     17       587147.94
2008     18       605121.52
2008     19       622040.24
2008     20       631513.06
2008     21       653329.27
2008     22       670038.31
2008     23       691210.16
2008     24       701823.39
2008     25       705450.34
2008     26       701261.04
2008     27       717232.54
2008     28       745427.19
2008     29       768163.69
2008     30       798807.97
2008     31       825600.83
2008     32       868762.60
2008     33       917365.00
2008     34       952466.54
2008     35       964556.86
2008     36       944261.54
2008     37       918655.32
2008     38       897631.24
2008     39       893673.48
2008     40       858790.82
2008     41       827249.50
2008     42       761407.10
2008     43       809708.52
2008     44       788496.53
2008     45       773198.09
2008     46       755924.20
2008     47       748208.07
2008     48       755925.89
2008     49       770894.33
2008     50       744363.89
2008     51       752654.56
2008     52       777106.80
2008     53       801031.58
2008     54       818807.12
2008     55       871621.80
2009     12       575492.57
2009     13       573578.05
2009     14       586677.03
2009     15       578528.96
2009     16       581451.17
2009     17       584402.86
2009     18       587313.27
2009     19       603177.38
2009     20       619057.45
2009     21       630083.22
2009     22       653973.92
2009     23       669751.02
2009     24       690276.74
2009     25       701332.38
2009     26       704498.90
2009     27       701194.99
2009     28       716410.50
2009     29       745214.86
2009     30       766949.33
2009     31       797988.42
2009     32       824794.59
2009     33       867720.88
2009     34       915747.21
2009     35       950892.89
2009     36       963109.37
2009     37       942876.39
2009     38       917192.06
2009     39       896278.22
2009     40       892025.30
2009     41       857446.56
2009     42       825728.20
2009     43       760343.43
2009     44       808314.85
2009     45       787260.59
2009     46       772036.53
2009     47       754600.10
2009     48       746542.05
2009     49       754229.02
2009     50       769157.81
2009     51       742605.52
2009     52       750886.15
2009     53       775294.23
2009     54       799055.90
2009     55       816993.90
