Taiwan, Period fertility rates by calendar year and age (Lexis squares, age in completed years (ACY))
Last modified: 02/04/2012
Year    Age        female
1976     12-    0.00000
1976     13     0.00020
1976     14     0.00274
1976     15     0.00733
1976     16     0.01376
1976     17     0.03128
1976     18     0.05232
1976     19     0.08580
1976     20     0.12668
1976     21     0.17623
1976     22     0.22197
1976     23     0.26906
1976     24     0.29472
1976     25     0.29260
1976     26     0.26811
1976     27     0.24357
1976     28     0.20189
1976     29     0.16589
1976     30     0.12519
1976     31     0.10755
1976     32     0.08341
1976     33     0.06496
1976     34     0.05174
1976     35     0.04211
1976     36     0.03223
1976     37     0.02494
1976     38     0.01939
1976     39     0.01535
1976     40     0.01253
1976     41     0.00910
1976     42     0.00686
1976     43     0.00430
1976     44     0.00324
1976     45     0.00178
1976     46     0.00101
1976     47     0.00056
1976     48     0.00036
1976     49     0.00037
1976     50     0.00121
1976     51     0.00096
1976     52     0.00029
1976     53     0.00006
1976     54     0.00001
1976     55+    0.00000
1977     12-    0.00000
1977     13     0.00013
1977     14     0.00168
1977     15     0.00432
1977     16     0.01286
1977     17     0.02935
1977     18     0.05252
1977     19     0.08096
1977     20     0.11806
1977     21     0.16012
1977     22     0.20450
1977     23     0.24039
1977     24     0.25549
1977     25     0.25757
1977     26     0.23947
1977     27     0.20148
1977     28     0.17337
1977     29     0.13644
1977     30     0.10899
1977     31     0.08193
1977     32     0.07144
1977     33     0.05225
1977     34     0.04253
1977     35     0.03353
1977     36     0.02703
1977     37     0.02096
1977     38     0.01652
1977     39     0.01326
1977     40     0.00991
1977     41     0.00716
1977     42     0.00578
1977     43     0.00387
1977     44     0.00237
1977     45     0.00117
1977     46     0.00070
1977     47     0.00037
1977     48     0.00027
1977     49     0.00019
1977     50     0.00054
1977     51     0.00046
1977     52     0.00016
1977     53     0.00004
1977     54     0.00001
1977     55+    0.00000
1978     12-    0.00000
1978     13     0.00036
1978     14     0.00336
1978     15     0.00365
1978     16     0.01216
1978     17     0.02750
1978     18     0.04805
1978     19     0.07960
1978     20     0.11300
1978     21     0.15510
1978     22     0.19923
1978     23     0.23891
1978     24     0.25619
1978     25     0.25990
1978     26     0.24690
1978     27     0.21825
1978     28     0.17741
1978     29     0.14330
1978     30     0.11003
1978     31     0.08673
1978     32     0.06275
1978     33     0.05163
1978     34     0.04033
1978     35     0.03039
1978     36     0.02410
1978     37     0.01810
1978     38     0.01430
1978     39     0.01076
1978     40     0.00804
1978     41     0.00706
1978     42     0.00433
1978     43     0.00307
1978     44     0.00209
1978     45     0.00124
1978     46     0.00053
1978     47     0.00032
1978     48     0.00027
1978     49     0.00015
1978     50     0.00082
1978     51     0.00075
1978     52     0.00024
1978     53     0.00005
1978     54     0.00001
1978     55+    0.00000
1979     12-    0.00000
1979     13     0.00017
1979     14     0.00193
1979     15     0.00364
1979     16     0.01145
1979     17     0.02710
1979     18     0.04752
1979     19     0.07687
1979     20     0.11456
1979     21     0.15531
1979     22     0.19449
1979     23     0.23640
1979     24     0.25635
1979     25     0.25619
1979     26     0.23952
1979     27     0.21297
1979     28     0.18015
1979     29     0.13781
1979     30     0.11034
1979     31     0.08106
1979     32     0.06297
1979     33     0.04545
1979     34     0.03702
1979     35     0.02705
1979     36     0.02167
1979     37     0.01602
1979     38     0.01263
1979     39     0.00949
1979     40     0.00733
1979     41     0.00535
1979     42     0.00380
1979     43     0.00281
1979     44     0.00169
1979     45     0.00098
1979     46     0.00054
1979     47     0.00030
1979     48     0.00010
1979     49     0.00012
1979     50     0.00018
1979     51     0.00014
1979     52     0.00006
1979     53     0.00002
1979     54     0.00001
1979     55+    0.00000
1980     12-    0.00000
1980     13     0.00022
1980     14     0.00235
1980     15     0.00368
1980     16     0.01131
1980     17     0.02578
1980     18     0.04585
1980     19     0.07339
1980     20     0.10590
1980     21     0.14587
1980     22     0.18132
1980     23     0.21553
1980     24     0.23473
1980     25     0.23952
1980     26     0.22602
1980     27     0.20151
1980     28     0.17411
1980     29     0.13665
1980     30     0.10199
1980     31     0.08206
1980     32     0.05801
1980     33     0.04634
1980     34     0.03315
1980     35     0.02574
1980     36     0.01997
1980     37     0.01496
1980     38     0.01149
1980     39     0.00889
1980     40     0.00650
1980     41     0.00471
1980     42     0.00350
1980     43     0.00258
1980     44     0.00182
1980     45     0.00116
1980     46     0.00063
1980     47     0.00038
1980     48     0.00010
1980     49     0.00013
1980     50     0.00033
1980     51     0.00029
1980     52     0.00011
1980     53     0.00003
1980     54     0.00001
1980     55+    0.00000
1981     12-    0.00000
1981     13     0.00014
1981     14     0.00163
1981     15     0.00318
1981     16     0.01034
1981     17     0.02410
1981     18     0.04332
1981     19     0.07029
1981     20     0.10176
1981     21     0.14040
1981     22     0.17961
1981     23     0.21082
1981     24     0.22883
1981     25     0.23279
1981     26     0.22502
1981     27     0.19977
1981     28     0.16851
1981     29     0.13514
1981     30     0.10588
1981     31     0.07947
1981     32     0.05957
1981     33     0.04285
1981     34     0.03393
1981     35     0.02295
1981     36     0.01843
1981     37     0.01387
1981     38     0.01026
1981     39     0.00776
1981     40     0.00597
1981     41     0.00400
1981     42     0.00297
1981     43     0.00229
1981     44     0.00133
1981     45     0.00091
1981     46     0.00051
1981     47     0.00032
1981     48     0.00015
1981     49     0.00007
1981     50     0.00023
1981     51     0.00022
1981     52     0.00009
1981     53     0.00003
1981     54     0.00001
1981     55+    0.00000
1982     12-    0.00000
1982     13     0.00016
1982     14     0.00174
1982     15     0.00316
1982     16     0.01010
1982     17     0.02294
1982     18     0.03995
1982     19     0.06468
1982     20     0.09766
1982     21     0.13252
1982     22     0.16922
1982     23     0.20319
1982     24     0.21426
1982     25     0.21585
1982     26     0.21038
1982     27     0.18901
1982     28     0.16460
1982     29     0.12842
1982     30     0.10375
1982     31     0.07743
1982     32     0.05658
1982     33     0.04348
1982     34     0.03088
1982     35     0.02358
1982     36     0.01552
1982     37     0.01236
1982     38     0.00925
1982     39     0.00725
1982     40     0.00576
1982     41     0.00381
1982     42     0.00288
1982     43     0.00208
1982     44     0.00111
1982     45     0.00065
1982     46     0.00047
1982     47     0.00018
1982     48     0.00013
1982     49     0.00010
1982     50     0.00024
1982     51     0.00021
1982     52     0.00009
1982     53     0.00003
1982     54     0.00001
1982     55+    0.00000
1983     12-    0.00000
1983     13     0.00016
1983     14     0.00166
1983     15     0.00271
1983     16     0.00860
1983     17     0.01957
1983     18     0.03505
1983     19     0.05704
1983     20     0.08620
1983     21     0.12392
1983     22     0.15532
1983     23     0.18718
1983     24     0.20404
1983     25     0.20197
1983     26     0.19338
1983     27     0.17764
1983     28     0.15551
1983     29     0.12236
1983     30     0.09716
1983     31     0.07518
1983     32     0.05609
1983     33     0.04074
1983     34     0.03054
1983     35     0.02189
1983     36     0.01653
1983     37     0.01075
1983     38     0.00930
1983     39     0.00656
1983     40     0.00479
1983     41     0.00366
1983     42     0.00211
1983     43     0.00140
1983     44     0.00102
1983     45     0.00063
1983     46     0.00036
1983     47     0.00014
1983     48     0.00010
1983     49     0.00009
1983     50     0.00016
1983     51     0.00013
1983     52     0.00006
1983     53     0.00002
1983     54     0.00000
1983     55+    0.00000
1984     12-    0.00000
1984     13     0.00015
1984     14     0.00152
1984     15     0.00224
1984     16     0.00764
1984     17     0.01793
1984     18     0.02999
1984     19     0.05107
1984     20     0.07873
1984     21     0.11341
1984     22     0.14981
1984     23     0.17660
1984     24     0.19454
1984     25     0.19974
1984     26     0.18877
1984     27     0.17058
1984     28     0.14840
1984     29     0.11921
1984     30     0.09296
1984     31     0.07223
1984     32     0.05592
1984     33     0.04134
1984     34     0.02828
1984     35     0.02095
1984     36     0.01484
1984     37     0.01159
1984     38     0.00764
1984     39     0.00544
1984     40     0.00399
1984     41     0.00252
1984     42     0.00243
1984     43     0.00140
1984     44     0.00093
1984     45     0.00057
1984     46     0.00029
1984     47     0.00007
1984     48     0.00009
1984     49     0.00000
1984     50     0.00014
1984     51     0.00018
1984     52     0.00008
1984     53     0.00003
1984     54     0.00001
1984     55+    0.00000
1985     12-    0.00000
1985     13     0.00013
1985     14     0.00132
1985     15     0.00214
1985     16     0.00643
1985     17     0.01522
1985     18     0.02764
1985     19     0.04321
1985     20     0.06689
1985     21     0.09918
1985     22     0.13210
1985     23     0.16287
1985     24     0.17855
1985     25     0.18347
1985     26     0.18067
1985     27     0.16045
1985     28     0.13864
1985     29     0.11207
1985     30     0.08973
1985     31     0.06833
1985     32     0.05080
1985     33     0.03800
1985     34     0.02826
1985     35     0.01955
1985     36     0.01440
1985     37     0.01010
1985     38     0.00759
1985     39     0.00477
1985     40     0.00400
1985     41     0.00245
1985     42     0.00168
1985     43     0.00130
1985     44     0.00094
1985     45     0.00037
1985     46     0.00022
1985     47     0.00013
1985     48     0.00010
1985     49     0.00005
1985     50     0.00015
1985     51     0.00014
1985     52     0.00006
1985     53     0.00002
1985     54     0.00000
1985     55+    0.00000
1986     12-    0.00000
1986     13     0.00016
1986     14     0.00151
1986     15     0.00198
1986     16     0.00597
1986     17     0.01358
1986     18     0.02433
1986     19     0.04038
1986     20     0.05832
1986     21     0.08441
1986     22     0.11323
1986     23     0.14209
1986     24     0.15745
1986     25     0.16062
1986     26     0.15605
1986     27     0.14606
1986     28     0.12516
1986     29     0.09796
1986     30     0.07912
1986     31     0.06292
1986     32     0.04792
1986     33     0.03527
1986     34     0.02631
1986     35     0.01886
1986     36     0.01375
1986     37     0.00934
1986     38     0.00667
1986     39     0.00484
1986     40     0.00372
1986     41     0.00245
1986     42     0.00158
1986     43     0.00107
1986     44     0.00068
1986     45     0.00046
1986     46     0.00021
1986     47     0.00012
1986     48     0.00006
1986     49     0.00004
1986     50     0.00023
1986     51     0.00023
1986     52     0.00009
1986     53     0.00003
1986     54     0.00001
1986     55+    0.00000
1987     12-    0.00000
1987     13     0.00012
1987     14     0.00124
1987     15     0.00200
1987     16     0.00610
1987     17     0.01287
1987     18     0.02237
1987     19     0.03534
1987     20     0.05678
1987     21     0.07995
1987     22     0.10751
1987     23     0.13619
1987     24     0.15917
1987     25     0.16726
1987     26     0.16260
1987     27     0.15305
1987     28     0.13611
1987     29     0.10502
1987     30     0.08377
1987     31     0.06614
1987     32     0.05028
1987     33     0.03744
1987     34     0.02683
1987     35     0.02033
1987     36     0.01380
1987     37     0.00974
1987     38     0.00655
1987     39     0.00472
1987     40     0.00344
1987     41     0.00237
1987     42     0.00149
1987     43     0.00093
1987     44     0.00051
1987     45     0.00028
1987     46     0.00011
1987     47     0.00015
1987     48     0.00009
1987     49     0.00001
1987     50     0.00010
1987     51     0.00012
1987     52     0.00006
1987     53     0.00002
1987     54     0.00000
1987     55+    0.00000
1988     12-    0.00000
1988     13     0.00013
1988     14     0.00139
1988     15     0.00218
1988     16     0.00596
1988     17     0.01344
1988     18     0.02184
1988     19     0.03513
1988     20     0.05619
1988     21     0.08083
1988     22     0.10820
1988     23     0.13948
1988     24     0.16271
1988     25     0.17931
1988     26     0.18167
1988     27     0.17009
1988     28     0.15376
1988     29     0.12512
1988     30     0.09948
1988     31     0.07801
1988     32     0.05887
1988     33     0.04363
1988     34     0.03279
1988     35     0.02327
1988     36     0.01706
1988     37     0.01110
1988     38     0.00760
1988     39     0.00481
1988     40     0.00336
1988     41     0.00230
1988     42     0.00118
1988     43     0.00083
1988     44     0.00049
1988     45     0.00041
1988     46     0.00012
1988     47     0.00010
1988     48     0.00002
1988     49     0.00002
1988     50     0.00012
1988     51     0.00013
1988     52     0.00006
1988     53     0.00002
1988     54     0.00000
1988     55+    0.00000
1989     12-    0.00000
1989     13     0.00012
1989     14     0.00139
1989     15     0.00251
1989     16     0.00683
1989     17     0.01312
1989     18     0.02159
1989     19     0.03428
1989     20     0.05047
1989     21     0.07296
1989     22     0.09884
1989     23     0.12329
1989     24     0.14246
1989     25     0.15698
1989     26     0.15894
1989     27     0.15411
1989     28     0.13778
1989     29     0.11425
1989     30     0.09394
1989     31     0.07442
1989     32     0.05721
1989     33     0.04311
1989     34     0.03276
1989     35     0.02361
1989     36     0.01765
1989     37     0.01240
1989     38     0.00838
1989     39     0.00539
1989     40     0.00384
1989     41     0.00240
1989     42     0.00151
1989     43     0.00088
1989     44     0.00055
1989     45     0.00026
1989     46     0.00019
1989     47     0.00010
1989     48     0.00004
1989     49     0.00001
1989     50     0.00010
1989     51     0.00012
1989     52     0.00006
1989     53     0.00002
1989     54     0.00000
1989     55+    0.00000
1990     12-    0.00000
1990     13     0.00013
1990     14     0.00150
1990     15     0.00268
1990     16     0.00685
1990     17     0.01447
1990     18     0.02204
1990     19     0.03539
1990     20     0.05174
1990     21     0.07230
1990     22     0.10098
1990     23     0.12694
1990     24     0.14576
1990     25     0.16400
1990     26     0.17371
1990     27     0.17033
1990     28     0.15517
1990     29     0.12724
1990     30     0.10616
1990     31     0.08491
1990     32     0.06411
1990     33     0.04770
1990     34     0.03664
1990     35     0.02614
1990     36     0.01819
1990     37     0.01274
1990     38     0.00861
1990     39     0.00594
1990     40     0.00405
1990     41     0.00234
1990     42     0.00133
1990     43     0.00101
1990     44     0.00050
1990     45     0.00026
1990     46     0.00021
1990     47     0.00015
1990     48     0.00002
1990     49     0.00003
1990     50     0.00011
1990     51     0.00011
1990     52     0.00005
1990     53     0.00002
1990     54     0.00000
1990     55+    0.00000
1991     12-    0.00000
1991     13     0.00010
1991     14     0.00129
1991     15     0.00292
1991     16     0.00808
1991     17     0.01462
1991     18     0.02333
1991     19     0.03445
1991     20     0.04913
1991     21     0.06898
1991     22     0.08983
1991     23     0.11489
1991     24     0.13407
1991     25     0.14705
1991     26     0.15928
1991     27     0.15923
1991     28     0.15045
1991     29     0.12506
1991     30     0.10264
1991     31     0.08334
1991     32     0.06706
1991     33     0.04987
1991     34     0.03636
1991     35     0.02697
1991     36     0.02061
1991     37     0.01334
1991     38     0.00907
1991     39     0.00616
1991     40     0.00408
1991     41     0.00270
1991     42     0.00148
1991     43     0.00091
1991     44     0.00053
1991     45     0.00026
1991     46     0.00016
1991     47     0.00005
1991     48     0.00006
1991     49     0.00006
1991     50     0.00013
1991     51     0.00011
1991     52     0.00005
1991     53     0.00002
1991     54     0.00000
1991     55+    0.00000
1992     12-    0.00000
1992     13     0.00008
1992     14     0.00112
1992     15     0.00302
1992     16     0.00786
1992     17     0.01541
1992     18     0.02300
1992     19     0.03620
1992     20     0.05038
1992     21     0.06740
1992     22     0.08722
1992     23     0.11138
1992     24     0.13246
1992     25     0.14896
1992     26     0.15357
1992     27     0.15841
1992     28     0.14768
1992     29     0.12855
1992     30     0.10777
1992     31     0.08767
1992     32     0.06827
1992     33     0.05410
1992     34     0.03903
1992     35     0.02839
1992     36     0.02107
1992     37     0.01456
1992     38     0.00988
1992     39     0.00678
1992     40     0.00433
1992     41     0.00263
1992     42     0.00146
1992     43     0.00083
1992     44     0.00049
1992     45     0.00020
1992     46     0.00018
1992     47     0.00006
1992     48     0.00008
1992     49     0.00001
1992     50     0.00008
1992     51     0.00010
1992     52     0.00005
1992     53     0.00002
1992     54     0.00000
1992     55+    0.00000
1993     12-    0.00000
1993     13     0.00013
1993     14     0.00147
1993     15     0.00291
1993     16     0.00831
1993     17     0.01543
1993     18     0.02418
1993     19     0.03694
1993     20     0.05160
1993     21     0.06835
1993     22     0.08880
1993     23     0.10981
1993     24     0.12642
1993     25     0.14703
1993     26     0.15550
1993     27     0.15617
1993     28     0.15301
1993     29     0.13192
1993     30     0.11207
1993     31     0.09180
1993     32     0.07221
1993     33     0.05591
1993     34     0.04294
1993     35     0.03088
1993     36     0.02204
1993     37     0.01626
1993     38     0.01085
1993     39     0.00702
1993     40     0.00445
1993     41     0.00293
1993     42     0.00179
1993     43     0.00084
1993     44     0.00055
1993     45     0.00030
1993     46     0.00010
1993     47     0.00008
1993     48     0.00003
1993     49     0.00001
1993     50     0.00010
1993     51     0.00012
1993     52     0.00006
1993     53     0.00002
1993     54     0.00000
1993     55+    0.00000
1994     12-    0.00000
1994     13     0.00014
1994     14     0.00160
1994     15     0.00292
1994     16     0.00837
1994     17     0.01574
1994     18     0.02320
1994     19     0.03594
1994     20     0.04984
1994     21     0.06668
1994     22     0.08441
1994     23     0.10375
1994     24     0.12205
1994     25     0.13623
1994     26     0.15232
1994     27     0.15781
1994     28     0.15279
1994     29     0.13515
1994     30     0.11598
1994     31     0.09725
1994     32     0.07695
1994     33     0.05909
1994     34     0.04430
1994     35     0.03287
1994     36     0.02352
1994     37     0.01603
1994     38     0.01117
1994     39     0.00755
1994     40     0.00482
1994     41     0.00307
1994     42     0.00186
1994     43     0.00102
1994     44     0.00048
1994     45     0.00025
1994     46     0.00009
1994     47     0.00004
1994     48     0.00005
1994     49     0.00001
1994     50     0.00009
1994     51     0.00011
1994     52     0.00005
1994     53     0.00002
1994     54     0.00000
1994     55+    0.00000
1995     12-    0.00000
1995     13     0.00014
1995     14     0.00167
1995     15     0.00332
1995     16     0.00824
1995     17     0.01478
1995     18     0.02308
1995     19     0.03439
1995     20     0.04899
1995     21     0.06633
1995     22     0.08408
1995     23     0.10525
1995     24     0.11999
1995     25     0.13758
1995     26     0.14813
1995     27     0.16097
1995     28     0.15386
1995     29     0.13587
1995     30     0.12007
1995     31     0.10034
1995     32     0.08129
1995     33     0.06158
1995     34     0.04685
1995     35     0.03500
1995     36     0.02596
1995     37     0.01761
1995     38     0.01181
1995     39     0.00818
1995     40     0.00549
1995     41     0.00336
1995     42     0.00168
1995     43     0.00100
1995     44     0.00052
1995     45     0.00025
1995     46     0.00014
1995     47     0.00007
1995     48     0.00006
1995     49     0.00000
1995     50     0.00013
1995     51     0.00017
1995     52     0.00008
1995     53     0.00002
1995     54     0.00001
1995     55+    0.00000
1996     12-    0.00000
1996     13     0.00012
1996     14     0.00147
1996     15     0.00328
1996     16     0.00830
1996     17     0.01444
1996     18     0.02182
1996     19     0.03542
1996     20     0.04736
1996     21     0.06594
1996     22     0.08269
1996     23     0.10154
1996     24     0.11616
1996     25     0.12984
1996     26     0.14643
1996     27     0.15586
1996     28     0.15348
1996     29     0.13643
1996     30     0.12077
1996     31     0.10391
1996     32     0.08276
1996     33     0.06645
1996     34     0.05063
1996     35     0.03675
1996     36     0.02651
1996     37     0.01940
1996     38     0.01283
1996     39     0.00842
1996     40     0.00547
1996     41     0.00355
1996     42     0.00195
1996     43     0.00114
1996     44     0.00054
1996     45     0.00031
1996     46     0.00016
1996     47     0.00009
1996     48     0.00004
1996     49     0.00006
1996     50     0.00013
1996     51     0.00011
1996     52     0.00005
1996     53     0.00002
1996     54     0.00000
1996     55+    0.00000
1997     12-    0.00000
1997     13     0.00012
1997     14     0.00135
1997     15     0.00269
1997     16     0.00745
1997     17     0.01296
1997     18     0.02082
1997     19     0.03186
1997     20     0.04675
1997     21     0.06150
1997     22     0.08084
1997     23     0.09938
1997     24     0.11597
1997     25     0.13071
1997     26     0.14496
1997     27     0.15513
1997     28     0.15362
1997     29     0.14273
1997     30     0.12599
1997     31     0.10565
1997     32     0.08751
1997     33     0.06831
1997     34     0.05304
1997     35     0.03837
1997     36     0.02856
1997     37     0.01961
1997     38     0.01342
1997     39     0.00915
1997     40     0.00570
1997     41     0.00342
1997     42     0.00211
1997     43     0.00118
1997     44     0.00055
1997     45     0.00033
1997     46     0.00011
1997     47     0.00006
1997     48     0.00004
1997     49     0.00002
1997     50     0.00006
1997     51     0.00006
1997     52     0.00003
1997     53     0.00001
1997     54     0.00000
1997     55+    0.00000
1998     12-    0.00000
1998     13     0.00009
1998     14     0.00113
1998     15     0.00263
1998     16     0.00630
1998     17     0.01176
1998     18     0.01831
1998     19     0.02831
1998     20     0.03937
1998     21     0.05414
1998     22     0.06645
1998     23     0.08232
1998     24     0.09294
1998     25     0.10484
1998     26     0.11489
1998     27     0.12266
1998     28     0.12273
1998     29     0.11017
1998     30     0.10161
1998     31     0.08945
1998     32     0.07406
1998     33     0.05989
1998     34     0.04664
1998     35     0.03626
1998     36     0.02667
1998     37     0.01918
1998     38     0.01337
1998     39     0.00897
1998     40     0.00565
1998     41     0.00334
1998     42     0.00194
1998     43     0.00127
1998     44     0.00050
1998     45     0.00027
1998     46     0.00012
1998     47     0.00006
1998     48     0.00003
1998     49     0.00006
1998     50     0.00021
1998     51     0.00020
1998     52     0.00008
1998     53     0.00002
1998     54     0.00000
1998     55+    0.00000
1999     12-    0.00000
1999     13     0.00008
1999     14     0.00100
1999     15     0.00242
1999     16     0.00616
1999     17     0.01052
1999     18     0.01616
1999     19     0.02726
1999     20     0.03713
1999     21     0.05037
1999     22     0.06776
1999     23     0.08102
1999     24     0.09660
1999     25     0.11047
1999     26     0.12371
1999     27     0.13300
1999     28     0.13685
1999     29     0.12459
1999     30     0.11342
1999     31     0.10212
1999     32     0.08156
1999     33     0.06476
1999     34     0.05090
1999     35     0.03625
1999     36     0.02723
1999     37     0.01884
1999     38     0.01295
1999     39     0.00893
1999     40     0.00584
1999     41     0.00348
1999     42     0.00202
1999     43     0.00109
1999     44     0.00061
1999     45     0.00027
1999     46     0.00014
1999     47     0.00005
1999     48     0.00004
1999     49     0.00008
1999     50     0.00016
1999     51     0.00014
1999     52     0.00006
1999     53     0.00002
1999     54     0.00000
1999     55+    0.00000
2000     12-    0.00000
2000     13     0.00008
2000     14     0.00098
2000     15     0.00252
2000     16     0.00611
2000     17     0.01175
2000     18     0.01794
2000     19     0.02949
2000     20     0.04249
2000     21     0.05550
2000     22     0.07174
2000     23     0.08895
2000     24     0.10185
2000     25     0.11566
2000     26     0.13115
2000     27     0.14104
2000     28     0.14226
2000     29     0.13360
2000     30     0.12540
2000     31     0.10798
2000     32     0.09176
2000     33     0.07265
2000     34     0.05601
2000     35     0.04266
2000     36     0.03090
2000     37     0.02131
2000     38     0.01487
2000     39     0.00998
2000     40     0.00665
2000     41     0.00418
2000     42     0.00250
2000     43     0.00127
2000     44     0.00062
2000     45     0.00033
2000     46     0.00020
2000     47     0.00005
2000     48     0.00008
2000     49     0.00007
2000     50     0.00014
2000     51     0.00012
2000     52     0.00005
2000     53     0.00002
2000     54     0.00000
2000     55+    0.00000
2001     12-    0.00000
2001     13     0.00010
2001     14     0.00115
2001     15     0.00207
2001     16     0.00536
2001     17     0.00987
2001     18     0.01627
2001     19     0.02897
2001     20     0.03983
2001     21     0.05052
2001     22     0.06105
2001     23     0.07306
2001     24     0.08455
2001     25     0.09134
2001     26     0.10469
2001     27     0.11218
2001     28     0.11617
2001     29     0.10854
2001     30     0.09995
2001     31     0.08969
2001     32     0.07606
2001     33     0.06296
2001     34     0.04858
2001     35     0.03701
2001     36     0.02768
2001     37     0.01988
2001     38     0.01347
2001     39     0.00900
2001     40     0.00613
2001     41     0.00380
2001     42     0.00213
2001     43     0.00113
2001     44     0.00048
2001     45     0.00026
2001     46     0.00009
2001     47     0.00010
2001     48     0.00007
2001     49     0.00006
2001     50     0.00021
2001     51     0.00019
2001     52     0.00007
2001     53     0.00002
2001     54     0.00000
2001     55+    0.00000
2002     12-    0.00000
2002     13     0.00006
2002     14     0.00077
2002     15     0.00199
2002     16     0.00497
2002     17     0.00867
2002     18     0.01464
2002     19     0.02825
2002     20     0.03785
2002     21     0.04776
2002     22     0.05793
2002     23     0.06686
2002     24     0.07662
2002     25     0.08704
2002     26     0.09661
2002     27     0.10871
2002     28     0.11316
2002     29     0.10466
2002     30     0.09607
2002     31     0.08668
2002     32     0.07354
2002     33     0.06022
2002     34     0.04840
2002     35     0.03527
2002     36     0.02641
2002     37     0.01876
2002     38     0.01293
2002     39     0.00892
2002     40     0.00580
2002     41     0.00349
2002     42     0.00212
2002     43     0.00114
2002     44     0.00051
2002     45     0.00027
2002     46     0.00008
2002     47     0.00008
2002     48     0.00001
2002     49     0.00003
2002     50     0.00007
2002     51     0.00006
2002     52     0.00003
2002     53     0.00001
2002     54     0.00000
2002     55+    0.00000
2003     12-    0.00000
2003     13     0.00005
2003     14     0.00067
2003     15     0.00171
2003     16     0.00417
2003     17     0.00709
2003     18     0.01219
2003     19     0.02588
2003     20     0.03387
2003     21     0.04366
2003     22     0.05117
2003     23     0.06030
2003     24     0.06820
2003     25     0.07683
2003     26     0.08983
2003     27     0.09428
2003     28     0.10280
2003     29     0.09798
2003     30     0.09016
2003     31     0.08260
2003     32     0.07022
2003     33     0.05663
2003     34     0.04495
2003     35     0.03546
2003     36     0.02521
2003     37     0.01871
2003     38     0.01308
2003     39     0.00880
2003     40     0.00612
2003     41     0.00360
2003     42     0.00206
2003     43     0.00117
2003     44     0.00066
2003     45     0.00022
2003     46     0.00010
2003     47     0.00006
2003     48     0.00004
2003     49     0.00001
2003     50     0.00005
2003     51     0.00005
2003     52     0.00003
2003     53     0.00001
2003     54     0.00000
2003     55+    0.00000
2004     12-    0.00000
2004     13     0.00005
2004     14     0.00061
2004     15     0.00132
2004     16     0.00362
2004     17     0.00594
2004     18     0.01192
2004     19     0.02389
2004     20     0.03226
2004     21     0.04214
2004     22     0.04816
2004     23     0.05581
2004     24     0.06272
2004     25     0.06950
2004     26     0.08165
2004     27     0.09260
2004     28     0.09616
2004     29     0.09195
2004     30     0.08848
2004     31     0.08032
2004     32     0.07033
2004     33     0.05627
2004     34     0.04543
2004     35     0.03517
2004     36     0.02577
2004     37     0.01844
2004     38     0.01322
2004     39     0.00892
2004     40     0.00623
2004     41     0.00361
2004     42     0.00204
2004     43     0.00114
2004     44     0.00051
2004     45     0.00020
2004     46     0.00011
2004     47     0.00005
2004     48     0.00006
2004     49     0.00001
2004     50     0.00007
2004     51     0.00008
2004     52     0.00004
2004     53     0.00001
2004     54     0.00000
2004     55+    0.00000
2005     12-    0.00000
2005     13     0.00004
2005     14     0.00052
2005     15     0.00120
2005     16     0.00317
2005     17     0.00530
2005     18     0.01058
2005     19     0.02172
2005     20     0.02866
2005     21     0.03634
2005     22     0.04412
2005     23     0.05066
2005     24     0.05550
2005     25     0.06443
2005     26     0.07129
2005     27     0.08266
2005     28     0.09219
2005     29     0.08690
2005     30     0.08611
2005     31     0.07938
2005     32     0.06875
2005     33     0.05740
2005     34     0.04696
2005     35     0.03679
2005     36     0.02762
2005     37     0.01980
2005     38     0.01368
2005     39     0.00946
2005     40     0.00613
2005     41     0.00368
2005     42     0.00224
2005     43     0.00122
2005     44     0.00069
2005     45     0.00026
2005     46     0.00015
2005     47     0.00006
2005     48     0.00002
2005     49     0.00001
2005     50     0.00005
2005     51     0.00006
2005     52     0.00003
2005     53     0.00001
2005     54     0.00000
2005     55+    0.00000
2006     12-    0.00000
2006     13     0.00004
2006     14     0.00050
2006     15     0.00120
2006     16     0.00271
2006     17     0.00495
2006     18     0.00840
2006     19     0.01582
2006     20     0.02553
2006     21     0.03369
2006     22     0.04031
2006     23     0.04787
2006     24     0.05422
2006     25     0.06216
2006     26     0.07054
2006     27     0.08105
2006     28     0.08809
2006     29     0.08835
2006     30     0.08687
2006     31     0.08276
2006     32     0.07361
2006     33     0.06111
2006     34     0.04900
2006     35     0.03939
2006     36     0.02911
2006     37     0.02122
2006     38     0.01486
2006     39     0.00945
2006     40     0.00663
2006     41     0.00404
2006     42     0.00207
2006     43     0.00119
2006     44     0.00069
2006     45     0.00027
2006     46     0.00011
2006     47     0.00007
2006     48     0.00001
2006     49     0.00001
2006     50     0.00004
2006     51     0.00004
2006     52     0.00002
2006     53     0.00001
2006     54     0.00000
2006     55+    0.00000
2007     12-    0.00000
2007     13     0.00003
2007     14     0.00036
2007     15     0.00092
2007     16     0.00243
2007     17     0.00465
2007     18     0.00695
2007     19     0.01244
2007     20     0.01966
2007     21     0.02798
2007     22     0.03573
2007     23     0.04329
2007     24     0.05111
2007     25     0.05840
2007     26     0.06760
2007     27     0.08012
2007     28     0.08840
2007     29     0.08652
2007     30     0.09063
2007     31     0.08394
2007     32     0.07680
2007     33     0.06453
2007     34     0.05118
2007     35     0.04137
2007     36     0.03090
2007     37     0.02286
2007     38     0.01596
2007     39     0.01066
2007     40     0.00685
2007     41     0.00428
2007     42     0.00225
2007     43     0.00123
2007     44     0.00072
2007     45     0.00027
2007     46     0.00013
2007     47     0.00008
2007     48     0.00002
2007     49     0.00001
2007     50     0.00001
2007     51     0.00001
2007     52     0.00001
2007     53     0.00000
2007     54     0.00000
2007     55+    0.00000
2008     12-    0.00000
2008     13     0.00002
2008     14     0.00022
2008     15     0.00077
2008     16     0.00211
2008     17     0.00407
2008     18     0.00625
2008     19     0.01108
2008     20     0.01615
2008     21     0.02411
2008     22     0.03131
2008     23     0.03945
2008     24     0.04602
2008     25     0.05480
2008     26     0.06284
2008     27     0.07503
2008     28     0.08278
2008     29     0.08407
2008     30     0.08583
2008     31     0.08412
2008     32     0.07485
2008     33     0.06473
2008     34     0.05400
2008     35     0.04295
2008     36     0.03234
2008     37     0.02407
2008     38     0.01699
2008     39     0.01148
2008     40     0.00771
2008     41     0.00460
2008     42     0.00245
2008     43     0.00140
2008     44     0.00069
2008     45     0.00026
2008     46     0.00012
2008     47     0.00008
2008     48     0.00002
2008     49     0.00005
2008     50     0.00003
2008     51     0.00001
2008     52     0.00001
2008     53     0.00000
2008     54     0.00000
2008     55+    0.00000
2009     12-    0.00000
2009     13     0.00002
2009     14     0.00022
2009     15     0.00059
2009     16     0.00173
2009     17     0.00340
2009     18     0.00557
2009     19     0.00896
2009     20     0.01374
2009     21     0.01907
2009     22     0.02697
2009     23     0.03357
2009     24     0.04109
2009     25     0.04958
2009     26     0.05854
2009     27     0.07211
2009     28     0.08016
2009     29     0.08219
2009     30     0.08650
2009     31     0.08398
2009     32     0.07907
2009     33     0.06638
2009     34     0.05506
2009     35     0.04430
2009     36     0.03531
2009     37     0.02480
2009     38     0.01757
2009     39     0.01251
2009     40     0.00824
2009     41     0.00486
2009     42     0.00260
2009     43     0.00161
2009     44     0.00076
2009     45     0.00038
2009     46     0.00011
2009     47     0.00006
2009     48     0.00001
2009     49     0.00002
2009     50     0.00001
2009     51     0.00000
2009     52     0.00000
2009     53     0.00000
2009     54     0.00000
2009     55+    0.00000
2010     12-    0.00000
2010     13     0.00002
2010     14     0.00024
2010     15     0.00066
2010     16     0.00147
2010     17     0.00309
2010     18     0.00471
2010     19     0.00798
2010     20     0.01206
2010     21     0.01655
2010     22     0.02097
2010     23     0.02844
2010     24     0.03499
2010     25     0.03957
2010     26     0.04645
2010     27     0.05691
2010     28     0.06298
2010     29     0.06570
2010     30     0.06830
2010     31     0.07204
2010     32     0.06890
2010     33     0.06308
2010     34     0.05335
2010     35     0.04496
2010     36     0.03481
2010     37     0.02601
2010     38     0.01895
2010     39     0.01359
2010     40     0.00883
2010     41     0.00543
2010     42     0.00296
2010     43     0.00139
2010     44     0.00083
2010     45     0.00036
2010     46     0.00015
2010     47     0.00010
2010     48     0.00002
2010     49     0.00001
2010     50     0.00003
2010     51     0.00003
2010     52     0.00002
2010     53     0.00001
2010     54     0.00000
2010     55+    0.00000
