Taiwan, Female population exposure by calendar year and age (Lexis squares, age in completed years (ACY))
Last modified: 02/04/2012
Year    Age        female
1976     12       202804.68
1976     13       205645.99
1976     14       204923.82
1976     15       202151.91
1976     16       200932.84
1976     17       195989.56
1976     18       186991.41
1976     19       184524.63
1976     20       186250.42
1976     21       179447.75
1976     22       168994.74
1976     23       162965.70
1976     24       163115.23
1976     25       151687.02
1976     26       135725.89
1976     27       124491.57
1976     28       110076.25
1976     29        95501.39
1976     30        82440.76
1976     31        85190.57
1976     32        93998.15
1976     33        95832.87
1976     34        95835.88
1976     35        95996.15
1976     36        94694.12
1976     37        90994.40
1976     38        88793.72
1976     39        87245.64
1976     40        84574.61
1976     41        81992.21
1976     42        78270.09
1976     43        75557.46
1976     44        74791.42
1976     45        73137.50
1976     46        70562.93
1976     47        67893.18
1976     48        64545.71
1976     49        62204.65
1976     50        58910.66
1976     51        55402.71
1976     52        51022.64
1976     53        50444.22
1976     54        50764.32
1976     55        46990.49
1977     12       202157.45
1977     13       202131.99
1977     14       204833.83
1977     15       203981.05
1977     16       201619.53
1977     17       200513.69
1977     18       196038.14
1977     19       187301.36
1977     20       185014.08
1977     21       186598.73
1977     22       179580.38
1977     23       169523.29
1977     24       163794.14
1977     25       163697.60
1977     26       151954.79
1977     27       135693.16
1977     28       124145.73
1977     29       109680.39
1977     30        94922.93
1977     31        81830.92
1977     32        84564.99
1977     33        93067.82
1977     34        94695.76
1977     35        94738.36
1977     36        95132.08
1977     37        93953.65
1977     38        90187.19
1977     39        87877.00
1977     40        86182.88
1977     41        83657.64
1977     42        81341.16
1977     43        77702.74
1977     44        75027.29
1977     45        74177.24
1977     46        72659.79
1977     47        70231.76
1977     48        67609.32
1977     49        64410.26
1977     50        62162.00
1977     51        59049.83
1977     52        55523.82
1977     53        51331.68
1977     54        50756.58
1977     55        51002.44
1978     12       200716.91
1978     13       200402.47
1978     14       201454.04
1978     15       204007.28
1978     16       203026.88
1978     17       201082.68
1978     18       200087.74
1978     19       196085.61
1978     20       187599.97
1978     21       185498.73
1978     22       186961.47
1978     23       179719.21
1978     24       170051.04
1978     25       164622.38
1978     26       164282.09
1978     27       152228.69
1978     28       135660.73
1978     29       123803.40
1978     30       109288.49
1978     31        94336.30
1978     32        81212.93
1978     33        83936.56
1978     34        92131.96
1978     35        93551.65
1978     36        93639.90
1978     37        94257.58
1978     38        93212.21
1978     39        89383.45
1978     40        86951.91
1978     41        85117.45
1978     42        82736.76
1978     43        80678.03
1978     44        77108.27
1978     45        74488.85
1978     46        73557.68
1978     47        72175.62
1978     48        69889.05
1978     49        67310.56
1978     50        64276.96
1978     51        62090.47
1978     52        59140.73
1978     53        55617.00
1978     54        51626.34
1978     55        51051.74
1979     12       190837.48
1979     13       198184.12
1979     14       198642.72
1979     15       200764.46
1979     16       203163.02
1979     17       202060.30
1979     18       200527.51
1979     19       199642.80
1979     20       196111.35
1979     21       187891.71
1979     22       185989.42
1979     23       187321.86
1979     24       179849.73
1979     25       170574.38
1979     26       165453.87
1979     27       164878.82
1979     28       152502.82
1979     29       135625.90
1979     30       123460.33
1979     31       108878.79
1979     32        93737.48
1979     33        80587.53
1979     34        83305.71
1979     35        91200.98
1979     36        92404.93
1979     37        92533.91
1979     38        93384.40
1979     39        92461.78
1979     40        88564.47
1979     41        86012.39
1979     42        84026.61
1979     43        81784.17
1979     44        79985.60
1979     45        76514.86
1979     46        73952.18
1979     47        72929.81
1979     48        71666.43
1979     49        69520.76
1979     50        66994.22
1979     51        64089.76
1979     52        61987.61
1979     53        59239.65
1979     54        55714.44
1979     55        51907.29
1980     12       184870.27
1980     13       188204.61
1980     14       195658.67
1980     15       196879.38
1980     16       200056.50
1980     17       202302.42
1980     18       201077.72
1980     19       199955.90
1980     20       199192.06
1980     21       196129.50
1980     22       188167.32
1980     23       186470.19
1980     24       187671.31
1980     25       179975.41
1980     26       171100.12
1980     27       166283.61
1980     28       165455.85
1980     29       152758.62
1980     30       135584.90
1980     31       123100.55
1980     32       108459.38
1980     33        93140.14
1980     34        79968.05
1980     35        82675.42
1980     36        90256.92
1980     37        91254.02
1980     38        91433.38
1980     39        92502.68
1980     40        91697.41
1980     41        87732.75
1980     42        85052.68
1980     43        82914.34
1980     44        80825.07
1980     45        79304.26
1980     46        75917.12
1980     47        73380.52
1980     48        72256.90
1980     49        71123.66
1980     50        69117.12
1980     51        66634.42
1980     52        63879.86
1980     53        61854.84
1980     54        59302.93
1980     55        55778.74
1981     12       187992.88
1981     13       183601.94
1981     14       186808.23
1981     15       194482.77
1981     16       196143.23
1981     17       199693.60
1981     18       201222.93
1981     19       200462.92
1981     20       199176.82
1981     21       198553.82
1981     22       195734.23
1981     23       187699.81
1981     24       186283.55
1981     25       187186.93
1981     26       179675.79
1981     27       171105.65
1981     28       166305.69
1981     29       165264.18
1981     30       152547.53
1981     31       135202.41
1981     32       122717.94
1981     33       108083.21
1981     34        92572.23
1981     35        79679.75
1981     36        82205.54
1981     37        89604.30
1981     38        90491.28
1981     39        90812.25
1981     40        92026.61
1981     41        91192.89
1981     42        87136.23
1981     43        84431.20
1981     44        82173.36
1981     45        80387.64
1981     46        78807.93
1981     47        75499.01
1981     48        72925.92
1981     49        71714.77
1981     50        70771.08
1981     51        68690.65
1981     52        66276.37
1981     53        63536.21
1981     54        61543.31
1981     55        59165.79
1982     12       187045.70
1982     13       188054.30
1982     14       183564.96
1982     15       186752.82
1982     16       194324.20
1982     17       195746.34
1982     18       199107.88
1982     19       200499.41
1982     20       199620.61
1982     21       198222.19
1982     22       197524.97
1982     23       194605.72
1982     24       186573.65
1982     25       185266.81
1982     26       186276.60
1982     27       178859.37
1982     28       170321.01
1982     29       165574.47
1982     30       164610.38
1982     31       152013.87
1982     32       134804.07
1982     33       122370.97
1982     34       107725.69
1982     35        92327.29
1982     36        79559.83
1982     37        82030.26
1982     38        89333.10
1982     39        90204.77
1982     40        90595.42
1982     41        91800.57
1982     42        90914.61
1982     43        86868.80
1982     44        84158.47
1982     45        81931.88
1982     46        80125.38
1982     47        78498.60
1982     48        75208.06
1982     49        72614.04
1982     50        71381.75
1982     51        70393.13
1982     52        68256.14
1982     53        65817.15
1982     54        63051.51
1982     55        61056.56
1983     12       183182.43
1983     13       187151.78
1983     14       188116.75
1983     15       183511.42
1983     16       186679.11
1983     17       194157.41
1983     18       195351.51
1983     19       198523.08
1983     20       199771.74
1983     21       198790.40
1983     22       197267.26
1983     23       196488.51
1983     24       193474.03
1983     25       185449.76
1983     26       184246.56
1983     27       185354.96
1983     28       178039.09
1983     29       169541.52
1983     30       164849.74
1983     31       163976.76
1983     32       151488.57
1983     33       134403.17
1983     34       122018.49
1983     35       107359.77
1983     36        92081.94
1983     37        79433.40
1983     38        81848.77
1983     39        89051.92
1983     40        89909.92
1983     41        90369.63
1983     42        91561.53
1983     43        90624.38
1983     44        86584.65
1983     45        83858.50
1983     46        81664.16
1983     47        79842.55
1983     48        78172.97
1983     49        74901.84
1983     50        72281.64
1983     51        71026.53
1983     52        69990.48
1983     53        67821.80
1983     54        65354.57
1983     55        62544.06
1984     12       178382.44
1984     13       183340.12
1984     14       187257.28
1984     15       188170.97
1984     16       183458.67
1984     17       186606.25
1984     18       193989.62
1984     19       194962.23
1984     20       197941.52
1984     21       199045.33
1984     22       197951.03
1984     23       196306.60
1984     24       195455.71
1984     25       192344.19
1984     26       184319.48
1984     27       183227.73
1984     28       184442.48
1984     29       177223.66
1984     30       168761.60
1984     31       164120.53
1984     32       163340.28
1984     33       150964.28
1984     34       134001.87
1984     35       121661.67
1984     36       106982.39
1984     37        91821.68
1984     38        79305.94
1984     39        81666.38
1984     40        88774.18
1984     41        89614.23
1984     42        90130.10
1984     43        91311.88
1984     44        90320.67
1984     45        86275.50
1984     46        83544.20
1984     47        81380.03
1984     48        79540.18
1984     49        77830.71
1984     50        74584.55
1984     51        71950.02
1984     52        70660.06
1984     53        69582.31
1984     54        67366.44
1984     55        64847.98
1985     12       174791.56
1985     13       178492.20
1985     14       183498.13
1985     15       187364.03
1985     16       188222.15
1985     17       183397.05
1985     18       186526.13
1985     19       193821.62
1985     20       194562.96
1985     21       197347.40
1985     22       198312.91
1985     23       197115.70
1985     24       195359.42
1985     25       194427.86
1985     26       191218.08
1985     27       183201.42
1985     28       182219.01
1985     29       183531.99
1985     30       176405.35
1985     31       167968.54
1985     32       163384.96
1985     33       162696.08
1985     34       150420.76
1985     35       133582.30
1985     36       121283.67
1985     37       106596.72
1985     38        91562.13
1985     39        79172.31
1985     40        81488.24
1985     41        88494.52
1985     42        89306.16
1985     43        89880.01
1985     44        91051.87
1985     45        90009.48
1985     46        85962.58
1985     47        83218.66
1985     48        81082.68
1985     49        79236.11
1985     50        77496.07
1985     51        74251.07
1985     52        71587.04
1985     53        70274.56
1985     54        69148.09
1985     55        66876.40
1986     12       173609.21
1986     13       174721.58
1986     14       178602.20
1986     15       183649.45
1986     16       187451.94
1986     17       188251.16
1986     18       183319.62
1986     19       186440.39
1986     20       193633.60
1986     21       194153.28
1986     22       196751.64
1986     23       197576.63
1986     24       196290.81
1986     25       194417.50
1986     26       193402.51
1986     27       190097.36
1986     28       182080.02
1986     29       181203.37
1986     30       182616.25
1986     31       175582.48
1986     32       167170.89
1986     33       162636.56
1986     34       162035.00
1986     35       149867.55
1986     36       133147.62
1986     37       120903.71
1986     38       106212.11
1986     39        91291.07
1986     40        79039.59
1986     41        81299.02
1986     42        88192.82
1986     43        88992.44
1986     44        89627.12
1986     45        90779.26
1986     46        89683.31
1986     47        85635.40
1986     48        82871.65
1986     49        80780.77
1986     50        78916.14
1986     51        77107.70
1986     52        73895.43
1986     53        71211.96
1986     54        69872.65
1986     55        68703.10
1987     12       175716.00
1987     13       173493.79
1987     14       174650.68
1987     15       178702.85
1987     16       183775.22
1987     17       187511.86
1987     18       188268.43
1987     19       183236.63
1987     20       186342.93
1987     21       193452.33
1987     22       193743.13
1987     23       196150.77
1987     24       196847.08
1987     25       195461.41
1987     26       193468.89
1987     27       192373.65
1987     28       188965.25
1987     29       180958.52
1987     30       180185.91
1987     31       181695.76
1987     32       174746.00
1987     33       166365.39
1987     34       161893.47
1987     35       161369.51
1987     36       149306.28
1987     37       132712.80
1987     38       120525.48
1987     39       105816.76
1987     40        91015.62
1987     41        78900.80
1987     42        81098.67
1987     43        87890.34
1987     44        88660.54
1987     45        89351.54
1987     46        90503.15
1987     47        89348.79
1987     48        85288.68
1987     49        82518.45
1987     50        80456.30
1987     51        78571.16
1987     52        76730.55
1987     53        73527.00
1987     54        70805.99
1987     55        69449.84
1988     12       189454.56
1988     13       175635.51
1988     14       173368.30
1988     15       174563.23
1988     16       178772.01
1988     17       183889.50
1988     18       187579.43
1988     19       188277.88
1988     20       183144.99
1988     21       186246.90
1988     22       193263.46
1988     23       193338.17
1988     24       195556.87
1988     25       196115.05
1988     26       194625.22
1988     27       192507.15
1988     28       191338.88
1988     29       187841.28
1988     30       179830.58
1988     31       179161.11
1988     32       180763.73
1988     33       173908.20
1988     34       165560.11
1988     35       161135.52
1988     36       160702.32
1988     37       148736.63
1988     38       132273.41
1988     39       120136.77
1988     40       105417.44
1988     41        90749.86
1988     42        78758.44
1988     43        80888.90
1988     44        87570.54
1988     45        88317.97
1988     46        89071.93
1988     47        90205.54
1988     48        88988.54
1988     49        84921.54
1988     50        82137.07
1988     51        80110.05
1988     52        78211.37
1988     53        76318.06
1988     54        73109.85
1988     55        70367.86
1989     12       195219.71
1989     13       189211.37
1989     14       175542.46
1989     15       173232.02
1989     16       174456.07
1989     17       178841.51
1989     18       184003.57
1989     19       187624.66
1989     20       188271.67
1989     21       183052.92
1989     22       186152.71
1989     23       193082.37
1989     24       192925.41
1989     25       194946.68
1989     26       195373.78
1989     27       193786.56
1989     28       191547.01
1989     29       190299.69
1989     30       186700.73
1989     31       178697.40
1989     32       178133.81
1989     33       179819.70
1989     34       173052.85
1989     35       164739.47
1989     36       160372.31
1989     37       160016.21
1989     38       148159.17
1989     39       131816.83
1989     40       119728.01
1989     41       105015.16
1989     42        90465.53
1989     43        78595.23
1989     44        80671.60
1989     45        87244.47
1989     46        87957.21
1989     47        88764.00
1989     48        89875.53
1989     49        88593.77
1989     50        84522.75
1989     51        81735.17
1989     52        79746.21
1989     53        77833.78
1989     54        75885.44
1989     55        72673.69
1990     12       191817.63
1990     13       194988.68
1990     14       188965.55
1990     15       175441.64
1990     16       173083.46
1990     17       174347.38
1990     18       178894.61
1990     19       184089.46
1990     20       187656.88
1990     21       188267.16
1990     22       182962.51
1990     23       186049.48
1990     24       192878.05
1990     25       192499.01
1990     26       194346.40
1990     27       194651.20
1990     28       192942.08
1990     29       190581.85
1990     30       189267.69
1990     31       185573.86
1990     32       177579.90
1990     33       177102.31
1990     34       178870.93
1990     35       172194.52
1990     36       163924.77
1990     37       159616.39
1990     38       159326.68
1990     39       147554.88
1990     40       131331.52
1990     41       119305.81
1990     42       104591.82
1990     43        90164.73
1990     44        78424.13
1990     45        80440.88
1990     46        86902.04
1990     47        87592.41
1990     48        88450.38
1990     49        89534.82
1990     50        88193.78
1990     51        84127.26
1990     52        81329.31
1990     53        79377.71
1990     54        77449.03
1990     55        75432.85
1991     12       197284.34
1991     13       191485.94
1991     14       194402.51
1991     15       188567.48
1991     16       175068.85
1991     17       172739.87
1991     18       174189.99
1991     19       178709.76
1991     20       183812.21
1991     21       187358.70
1991     22       187860.17
1991     23       182558.56
1991     24       185714.69
1991     25       192330.63
1991     26       191906.81
1991     27       193680.40
1991     28       194036.13
1991     29       192201.86
1991     30       189742.68
1991     31       188479.54
1991     32       184686.01
1991     33       176842.95
1991     34       176352.81
1991     35       178068.30
1991     36       171458.33
1991     37       163246.54
1991     38       159011.42
1991     39       158706.10
1991     40       146990.64
1991     41       130878.87
1991     42       118816.20
1991     43       104155.04
1991     44        89894.69
1991     45        78131.44
1991     46        80074.38
1991     47        86495.43
1991     48        87232.28
1991     49        88093.01
1991     50        89106.97
1991     51        87757.01
1991     52        83670.24
1991     53        80890.93
1991     54        78953.75
1991     55        76907.38
1992     12       197952.97
1992     13       197446.04
1992     14       191631.48
1992     15       194511.48
1992     16       188669.24
1992     17       175184.65
1992     18       172900.17
1992     19       174154.89
1992     20       178486.67
1992     21       183551.32
1992     22       187027.09
1992     23       187536.83
1992     24       182306.29
1992     25       185380.87
1992     26       192002.91
1992     27       191643.91
1992     28       193507.16
1992     29       193911.96
1992     30       191988.38
1992     31       189498.21
1992     32       188255.79
1992     33       184524.43
1992     34       176725.79
1992     35       176145.62
1992     36       177784.52
1992     37       171231.20
1992     38       163081.56
1992     39       158853.68
1992     40       158504.17
1992     41       146846.87
1992     42       130681.36
1992     43       118679.96
1992     44       104112.63
1992     45        89782.52
1992     46        77957.92
1992     47        79901.05
1992     48        86351.79
1992     49        87115.94
1992     50        87898.31
1992     51        88865.97
1992     52        87542.25
1992     53        83464.77
1992     54        80661.20
1992     55        78647.87
1993     12       196262.44
1993     13       197857.43
1993     14       197323.00
1993     15       191488.28
1993     16       194316.53
1993     17       188499.32
1993     18       175054.84
1993     19       172842.49
1993     20       173999.75
1993     21       178163.81
1993     22       183173.82
1993     23       186575.69
1993     24       187085.90
1993     25       181913.65
1993     26       184924.51
1993     27       191538.58
1993     28       191243.91
1993     29       193204.07
1993     30       193661.74
1993     31       191620.09
1993     32       189119.92
1993     33       187926.09
1993     34       184229.31
1993     35       176488.52
1993     36       175798.67
1993     37       177348.24
1993     38       170857.02
1993     39       162799.10
1993     40       158570.71
1993     41       158175.23
1993     42       146528.51
1993     43       130356.37
1993     44       118399.36
1993     45       103911.31
1993     46        89557.94
1993     47        77686.02
1993     48        79622.25
1993     49        86104.80
1993     50        86881.23
1993     51        87600.38
1993     52        88553.37
1993     53        87222.41
1993     54        83130.22
1993     55        80301.94
1994     12       194048.06
1994     13       196198.10
1994     14       197753.07
1994     15       197190.19
1994     16       191332.35
1994     17       194115.24
1994     18       188321.84
1994     19       174922.60
1994     20       172788.94
1994     21       173841.71
1994     22       177830.80
1994     23       182792.25
1994     24       186119.26
1994     25       186623.21
1994     26       181511.41
1994     27       184470.55
1994     28       191076.49
1994     29       190831.94
1994     30       192883.55
1994     31       193395.91
1994     32       191254.79
1994     33       188748.80
1994     34       187586.60
1994     35       183923.01
1994     36       176250.19
1994     37       175443.40
1994     38       176904.48
1994     39       170470.26
1994     40       162491.71
1994     41       158263.35
1994     42       157816.41
1994     43       146195.80
1994     44       130024.95
1994     45       118106.12
1994     46       103697.49
1994     47        89316.55
1994     48        77403.16
1994     49        79328.95
1994     50        85847.41
1994     51        86633.75
1994     52        87277.04
1994     53        88191.72
1994     54        86869.53
1994     55        82780.16
1995     12       185797.15
1995     13       193891.10
1995     14       196127.30
1995     15       197639.32
1995     16       197040.74
1995     17       191171.87
1995     18       193912.17
1995     19       188142.17
1995     20       174785.30
1995     21       172720.61
1995     22       173676.88
1995     23       177500.40
1995     24       182411.90
1995     25       185669.20
1995     26       186165.53
1995     27       181114.74
1995     28       184018.58
1995     29       190607.18
1995     30       190411.05
1995     31       192564.33
1995     32       193138.19
1995     33       190886.78
1995     34       188360.32
1995     35       187219.53
1995     36       183609.13
1995     37       176007.36
1995     38       175075.03
1995     39       176450.03
1995     40       170071.83
1995     41       162169.69
1995     42       157935.24
1995     43       157444.05
1995     44       145848.34
1995     45       129662.57
1995     46       117777.98
1995     47       103459.59
1995     48        89066.14
1995     49        77115.90
1995     50        79030.77
1995     51        85572.66
1995     52        86368.84
1995     53        86924.58
1995     54        87817.04
1995     55        86505.23
1996     12       177183.96
1996     13       185636.37
1996     14       193729.45
1996     15       196045.56
1996     16       197509.69
1996     17       196893.95
1996     18       191013.51
1996     19       193701.17
1996     20       187953.40
1996     21       174640.85
1996     22       172652.83
1996     23       173523.42
1996     24       177184.41
1996     25       182042.45
1996     26       185219.60
1996     27       185708.30
1996     28       180716.93
1996     29       183563.58
1996     30       190144.00
1996     31       190000.71
1996     32       192243.57
1996     33       192863.12
1996     34       190498.34
1996     35       187953.80
1996     36       186857.70
1996     37       183290.10
1996     38       175735.02
1996     39       174686.61
1996     40       175982.19
1996     41       169658.18
1996     42       161832.59
1996     43       157591.38
1996     44       157051.53
1996     45       145474.01
1996     46       129277.56
1996     47       117437.10
1996     48       103208.96
1996     49        88799.17
1996     50        76803.49
1996     51        78711.39
1996     52        85292.74
1996     53        86086.98
1996     54        86541.66
1996     55        87393.46
1997     12       168235.08
1997     13       177059.95
1997     14       185472.69
1997     15       193557.66
1997     16       195951.28
1997     17       197384.18
1997     18       196744.71
1997     19       190844.89
1997     20       193498.22
1997     21       187783.27
1997     22       174507.24
1997     23       172600.01
1997     24       173381.38
1997     25       176864.82
1997     26       181664.15
1997     27       184768.23
1997     28       185248.53
1997     29       180322.67
1997     30       183118.60
1997     31       189683.71
1997     32       189593.18
1997     33       191917.78
1997     34       192579.10
1997     35       190111.89
1997     36       187557.42
1997     37       186489.13
1997     38       182945.68
1997     39       175440.11
1997     40       174289.27
1997     41       175504.70
1997     42       169231.64
1997     43       161482.96
1997     44       157232.90
1997     45       156637.42
1997     46       145091.24
1997     47       128890.60
1997     48       117081.17
1997     49       102940.13
1997     50        88510.96
1997     51        76476.54
1997     52        78386.36
1997     53        84992.66
1997     54        85762.48
1997     55        86125.73
1998     12       153902.25
1998     13       168149.06
1998     14       176930.20
1998     15       185295.83
1998     16       193377.53
1998     17       195862.96
1998     18       197252.98
1998     19       196590.56
1998     20       190689.53
1998     21       193306.87
1998     22       187617.30
1998     23       174378.18
1998     24       172550.54
1998     25       173236.97
1998     26       176541.85
1998     27       181293.08
1998     28       184323.71
1998     29       184798.67
1998     30       179932.61
1998     31       182665.28
1998     32       189216.99
1998     33       189176.16
1998     34       191586.35
1998     35       192304.33
1998     36       189727.23
1998     37       187142.92
1998     38       186098.24
1998     39       182583.35
1998     40       175150.90
1998     41       173891.32
1998     42       175010.49
1998     43       168789.19
1998     44       161112.81
1998     45       156861.71
1998     46       156229.43
1998     47       144706.31
1998     48       128481.04
1998     49       116710.38
1998     50       102660.43
1998     51        88206.04
1998     52        76144.28
1998     53        78042.65
1998     54        84666.18
1998     55        85430.51
1999     12       146537.63
1999     13       153859.15
1999     14       168051.96
1999     15       176791.39
1999     16       185115.58
1999     17       193196.09
1999     18       195764.08
1999     19       197120.35
1999     20       196440.88
1999     21       190533.45
1999     22       193114.05
1999     23       187444.08
1999     24       174247.90
1999     25       172504.16
1999     26       173094.77
1999     27       176224.01
1999     28       180921.83
1999     29       183869.94
1999     30       184333.94
1999     31       179530.55
1999     32       182201.57
1999     33       188732.25
1999     34       188748.49
1999     35       191253.86
1999     36       192011.07
1999     37       189311.16
1999     38       186709.63
1999     39       185694.65
1999     40       182218.11
1999     41       174853.51
1999     42       173472.18
1999     43       174498.39
1999     44       168328.04
1999     45       160726.43
1999     46       156477.80
1999     47       155792.55
1999     48       144284.49
1999     49       128054.42
1999     50       116318.68
1999     51       102347.61
1999     52        87883.76
1999     53        75789.85
1999     54        77677.61
1999     55        84315.44
2000     12       154549.87
2000     13       146575.74
2000     14       153819.68
2000     15       167978.13
2000     16       176704.77
2000     17       184970.67
2000     18       193049.78
2000     19       195684.40
2000     20       197001.34
2000     21       196320.08
2000     22       190392.77
2000     23       192915.18
2000     24       187353.29
2000     25       174129.84
2000     26       172464.57
2000     27       172956.75
2000     28       175921.27
2000     29       180575.83
2000     30       183463.83
2000     31       183921.88
2000     32       179157.58
2000     33       181785.66
2000     34       188301.06
2000     35       188352.19
2000     36       190965.37
2000     37       191751.99
2000     38       188942.14
2000     39       186343.55
2000     40       185340.22
2000     41       181894.03
2000     42       174595.48
2000     43       173088.39
2000     44       174036.79
2000     45       167868.97
2000     46       160369.92
2000     47       156118.12
2000     48       155367.41
2000     49       143914.50
2000     50       127661.84
2000     51       115935.29
2000     52       102046.27
2000     53        87573.85
2000     54        75434.83
2000     55        77305.95
2001     12       155200.10
2001     13       156076.57
2001     14       146894.83
2001     15       153984.03
2001     16       168522.92
2001     17       177882.36
2001     18       185734.26
2001     19       193920.37
2001     20       196065.12
2001     21       197132.94
2001     22       196858.40
2001     23       190637.19
2001     24       192819.94
2001     25       189176.28
2001     26       174243.32
2001     27       172682.90
2001     28       173072.51
2001     29       176140.32
2001     30       181099.20
2001     31       184261.17
2001     32       184766.06
2001     33       179808.93
2001     34       182853.45
2001     35       189166.85
2001     36       188827.27
2001     37       192223.04
2001     38       192687.48
2001     39       189568.85
2001     40       187516.45
2001     41       186402.65
2001     42       182783.47
2001     43       175760.41
2001     44       173984.57
2001     45       175241.58
2001     46       168423.73
2001     47       161335.16
2001     48       156869.86
2001     49       155878.76
2001     50       145167.71
2001     51       128425.28
2001     52       116331.52
2001     53       102609.72
2001     54        87974.42
2001     55        75210.24
2002     12       154430.64
2002     13       156599.99
2002     14       156339.82
2002     15       147005.74
2002     16       154461.93
2002     17       169638.56
2002     18       178643.70
2002     19       186587.17
2002     20       194253.49
2002     21       196213.67
2002     22       197730.50
2002     23       197276.63
2002     24       190638.33
2002     25       194802.32
2002     26       189394.97
2002     27       174564.77
2002     28       173101.60
2002     29       173654.79
2002     30       177025.16
2002     31       182300.56
2002     32       185424.20
2002     33       185684.33
2002     34       181145.11
2002     35       183881.58
2002     36       189730.85
2002     37       190098.05
2002     38       193182.78
2002     39       193367.69
2002     40       190751.32
2002     41       188580.73
2002     42       187225.14
2002     43       183872.08
2002     44       176681.64
2002     45       175222.84
2002     46       175769.09
2002     47       169293.23
2002     48       162095.85
2002     49       157363.16
2002     50       157098.66
2002     51       145895.73
2002     52       128768.36
2002     53       116817.24
2002     54       102985.53
2002     55        87739.05
2003     12       155664.55
2003     13       154284.13
2003     14       156435.99
2003     15       156182.57
2003     16       146819.78
2003     17       154261.94
2003     18       169443.57
2003     19       178485.26
2003     20       186369.82
2003     21       194079.55
2003     22       196164.60
2003     23       197778.56
2003     24       197359.65
2003     25       190720.40
2003     26       194882.83
2003     27       189507.08
2003     28       174821.35
2003     29       173434.08
2003     30       173982.75
2003     31       177318.31
2003     32       182494.37
2003     33       185558.11
2003     34       185699.48
2003     35       181065.11
2003     36       183706.62
2003     37       189525.70
2003     38       189833.64
2003     39       192880.21
2003     40       193024.76
2003     41       190379.67
2003     42       188167.42
2003     43       186794.48
2003     44       183442.46
2003     45       176286.36
2003     46       174794.44
2003     47       175296.45
2003     48       168839.03
2003     49       161694.08
2003     50       156922.99
2003     51       156643.28
2003     52       145420.65
2003     53       128342.73
2003     54       116379.78
2003     55       102604.36
2004     12       152217.61
2004     13       155525.58
2004     14       154131.27
2004     15       156264.50
2004     16       156031.48
2004     17       146622.80
2004     18       154101.90
2004     19       169316.07
2004     20       178274.39
2004     21       186182.42
2004     22       193971.45
2004     23       196130.15
2004     24       197787.47
2004     25       197394.84
2004     26       190795.48
2004     27       194978.87
2004     28       189748.12
2004     29       175184.78
2004     30       173812.13
2004     31       174340.00
2004     32       177611.15
2004     33       182675.22
2004     34       185673.92
2004     35       185720.13
2004     36       180991.17
2004     37       183540.62
2004     38       189289.24
2004     39       189559.70
2004     40       192567.49
2004     41       192698.32
2004     42       189982.23
2004     43       187790.80
2004     44       186404.19
2004     45       183073.32
2004     46       175914.90
2004     47       174406.21
2004     48       174872.79
2004     49       168484.33
2004     50       161328.66
2004     51       156528.07
2004     52       156206.33
2004     53       144991.40
2004     54       127973.60
2004     55       116010.56
2005     12       154923.74
2005     13       152136.66
2005     14       155432.05
2005     15       154041.89
2005     16       156169.00
2005     17       155883.13
2005     18       146550.94
2005     19       154080.42
2005     20       169244.24
2005     21       178201.48
2005     22       186204.94
2005     23       194084.49
2005     24       196380.77
2005     25       198132.67
2005     26       197720.46
2005     27       191240.23
2005     28       195498.42
2005     29       190390.60
2005     30       175851.11
2005     31       174452.21
2005     32       174901.62
2005     33       178080.31
2005     34       183046.46
2005     35       185923.71
2005     36       185880.55
2005     37       181024.48
2005     38       183492.16
2005     39       189197.39
2005     40       189442.32
2005     41       192409.11
2005     42       192520.50
2005     43       189788.08
2005     44       187570.78
2005     45       186169.80
2005     46       182818.72
2005     47       175699.67
2005     48       174139.81
2005     49       174625.33
2005     50       168223.49
2005     51       161017.82
2005     52       156209.68
2005     53       155865.72
2005     54       144669.11
2005     55       127632.38
2006     12       155829.10
2006     13       154852.67
2006     14       152105.13
2006     15       155386.59
2006     16       153961.44
2006     17       156085.51
2006     18       155867.41
2006     19       146586.92
2006     20       154071.07
2006     21       169253.75
2006     22       178329.95
2006     23       186487.84
2006     24       194783.57
2006     25       197378.76
2006     26       199195.20
2006     27       198754.16
2006     28       192281.19
2006     29       196593.42
2006     30       191449.93
2006     31       176798.55
2006     32       175307.42
2006     33       175657.94
2006     34       178759.79
2006     35       183553.28
2006     36       186334.27
2006     37       186168.27
2006     38       181267.79
2006     39       183635.70
2006     40       189312.75
2006     41       189539.16
2006     42       192473.66
2006     43       192597.83
2006     44       189812.03
2006     45       187579.10
2006     46       186158.33
2006     47       182823.80
2006     48       175639.59
2006     49       174098.88
2006     50       174562.18
2006     51       168128.20
2006     52       160911.30
2006     53       156082.46
2006     54       155639.31
2006     55       144470.08
2007     12       155383.62
2007     13       155752.12
2007     14       154813.17
2007     15       152056.15
2007     16       155333.08
2007     17       153908.82
2007     18       156125.02
2007     19       155920.12
2007     20       146600.59
2007     21       154089.56
2007     22       169334.76
2007     23       178690.43
2007     24       187522.91
2007     25       196279.09
2007     26       198969.34
2007     27       200603.19
2007     28       200135.15
2007     29       193669.15
2007     30       197809.96
2007     31       192527.56
2007     32       177753.01
2007     33       176133.91
2007     34       176463.07
2007     35       179346.68
2007     36       184041.43
2007     37       186760.72
2007     38       186495.26
2007     39       181458.90
2007     40       183812.25
2007     41       189459.71
2007     42       189606.60
2007     43       192576.75
2007     44       192655.27
2007     45       189838.76
2007     46       187582.62
2007     47       186109.72
2007     48       182750.05
2007     49       175579.98
2007     50       174046.82
2007     51       174475.88
2007     52       168042.27
2007     53       160795.68
2007     54       155886.26
2007     55       155475.94
2008     12       155400.57
2008     13       155310.12
2008     14       155678.66
2008     15       154777.68
2008     16       152015.72
2008     17       155263.08
2008     18       153976.99
2008     19       156175.02
2008     20       155923.35
2008     21       146604.36
2008     22       154116.57
2008     23       169714.76
2008     24       179689.47
2008     25       188914.98
2008     26       197708.09
2008     27       200284.94
2008     28       201876.18
2008     29       201376.95
2008     30       194762.53
2008     31       198754.09
2008     32       193344.84
2008     33       178498.09
2008     34       176791.41
2008     35       176955.97
2008     36       179754.73
2008     37       184410.01
2008     38       186944.01
2008     39       186607.94
2008     40       181550.99
2008     41       183801.29
2008     42       189416.14
2008     43       189543.18
2008     44       192503.44
2008     45       192565.63
2008     46       189669.32
2008     47       187368.30
2008     48       185926.79
2008     49       182573.05
2008     50       175382.69
2008     51       173876.60
2008     52       174254.85
2008     53       167848.58
2008     54       160533.23
2008     55       155635.75
2009     12       154774.64
2009     13       155349.13
2009     14       155260.17
2009     15       155682.13
2009     16       154742.80
2009     17       151939.83
2009     18       155342.14
2009     19       154052.03
2009     20       156165.67
2009     21       155880.82
2009     22       146618.51
2009     23       154501.58
2009     24       170734.81
2009     25       180947.07
2009     26       190277.05
2009     27       199121.62
2009     28       201728.67
2009     29       203446.23
2009     30       202974.72
2009     31       196181.72
2009     32       200110.66
2009     33       194538.08
2009     34       179578.58
2009     35       177713.29
2009     36       177777.01
2009     37       180434.92
2009     38       184890.91
2009     39       187328.49
2009     40       186924.30
2009     41       181801.91
2009     42       183904.87
2009     43       189496.98
2009     44       189624.63
2009     45       192568.08
2009     46       192659.15
2009     47       189670.68
2009     48       187214.39
2009     49       185826.17
2009     50       182466.97
2009     51       175280.56
2009     52       173695.31
2009     53       174077.83
2009     54       167645.67
2009     55       160287.22
2010     12       141607.40
2010     13       154739.16
2010     14       155295.61
2010     15       155272.22
2010     16       155657.68
2010     17       154672.70
2010     18       152010.79
2010     19       155435.17
2010     20       154043.48
2010     21       156091.12
2010     22       155846.58
2010     23       146856.50
2010     24       155330.60
2010     25       171806.82
2010     26       182118.51
2010     27       191635.02
2010     28       200655.29
2010     29       203348.32
2010     30       205088.34
2010     31       204466.70
2010     32       197646.20
2010     33       201361.09
2010     34       195678.71
2010     35       180590.46
2010     36       178612.77
2010     37       178491.12
2010     38       181009.54
2010     39       185312.64
2010     40       187706.29
2010     41       187264.22
2010     42       181983.47
2010     43       184024.50
2010     44       189598.31
2010     45       189692.94
2010     46       192671.53
2010     47       192707.16
2010     48       189514.32
2010     49       187042.57
2010     50       185685.71
2010     51       182267.43
2010     52       175036.12
2010     53       173439.25
2010     54       173781.58
2010     55       167326.43
